0 0.909375 0.4984375 0.915625 0.5109375 0.915625 0.565625 0.909375 0.575 0.8984375 0.571875 0.890625 0.5609375 0.890625 0.534375 0.8890625 0.5328125 0.890625 0.515625 0.89375 0.5140625 0.9015625 0.5 0.9078125 0.4984375
0 0.3859375 0.484375 0.3890625 0.4875 0.3953125 0.4875 0.403125 0.4921875 0.4015625 0.5125 0.3859375 0.5125 0.375 0.509375 0.3734375 0.5015625 0.378125 0.4859375 0.384375 0.484375
0 0.865625 0.765625 0.8703125 0.771875 0.8703125 0.7765625 0.865625 0.7796875 0.859375 0.7796875 0.853125 0.7828125 0.83125 0.7828125 0.821875 0.7859375 0.8 0.7859375 0.7953125 0.7796875 0.796875 0.7703125 0.8109375 0.7609375 0.85625 0.7609375 0.8640625 0.765625
0 0.0609375 0.8265625 0.071875 0.8359375 0.0921875 0.86875 0.0953125 0.884375 0.0890625 0.8890625 0.0734375 0.8875 0.05 0.853125 0.0484375 0.8484375 0.05 0.8296875 0.05625 0.825 0.059375 0.8265625
0 0.59375 0.6484375 0.596875 0.6546875 0.5953125 0.665625 0.5828125 0.69375 0.56875 0.6890625 0.5625 0.6828125 0.575 0.65625 0.584375 0.6484375 0.5921875 0.6484375
0 0.209375 0.6984375 0.2140625 0.696875 0.259375 0.6984375 0.2703125 0.7046875 0.275 0.7171875 0.275 0.7203125 0.26875 0.721875 0.221875 0.7203125 0.215625 0.7171875 0.209375 0.7171875 0.203125 0.7125 0.203125 0.70625 0.209375 0.7
0 0.665625 0.521875 0.68125 0.5296875 0.6890625 0.53125 0.696875 0.5390625 0.696875 0.54375 0.6890625 0.55 0.6765625 0.55 0.6515625 0.540625 0.6515625 0.5296875 0.6546875 0.5234375 0.6640625 0.521875
0 0.7515625 0.478125 0.7546875 0.48125 0.7546875 0.4859375 0.759375 0.4921875 0.759375 0.496875 0.7640625 0.50625 0.7640625 0.521875 0.7625 0.5265625 0.75625 0.53125 0.7484375 0.528125 0.7328125 0.490625 0.734375 0.484375 0.75 0.478125
0 0.2265625 0.3421875 0.2375 0.3421875 0.246875 0.3515625 0.2453125 0.3609375 0.240625 0.3625 0.23125 0.3609375 0.225 0.3515625 0.2265625 0.34375
4 0.431640625 0.361328125 0.3876953125 0.361328125 0.3876953125 0.42578125 0.431640625 0.42578125 0.431640625 0.361328125
4 0.43359375 0.6884765625 0.392578125 0.6884765625 0.392578125 0.7412109375 0.43359375 0.7412109375 0.43359375 0.6884765625
4 0.5087890625 0.6083984375 0.47265625 0.6083984375 0.47265625 0.669921875 0.5087890625 0.669921875 0.5087890625 0.6083984375
1 0.7125 0.3203125 0.7171875 0.325 0.715625 0.3453125 0.709375 0.3578125 0.709375 0.3640625 0.7046875 0.3765625 0.696875 0.3875 0.690625 0.3875 0.6828125 0.371875 0.6828125 0.3640625 0.6859375 0.3609375 0.6875 0.35 0.6953125 0.328125 0.703125 0.3203125 0.7109375 0.3203125
7 0.6171875 0.2080078125 0.53125 0.2080078125 0.53125 0.2490234375 0.6171875 0.2490234375 0.6171875 0.2080078125
4 0.32421875 0.1806640625 0.291015625 0.1806640625 0.291015625 0.234375 0.32421875 0.234375 0.32421875 0.1806640625
1 0.7796875 0.16875 0.79375 0.175 0.8171875 0.190625 0.821875 0.2015625 0.8171875 0.2109375 0.7953125 0.2046875 0.7578125 0.184375 0.7546875 0.175 0.778125 0.16875
4 0.7880859375 0.5947265625 0.744140625 0.5947265625 0.744140625 0.63671875 0.7880859375 0.63671875 0.7880859375 0.5947265625
5 0.2265625 0.484375 0.2375 0.4796875 0.265625 0.475 0.3078125 0.475 0.309375 0.4765625 0.309375 0.4796875 0.303125 0.4875 0.3015625 0.4953125 0.2890625 0.5046875 0.25 0.5125 0.225 0.5125 0.2171875 0.50625 0.2109375 0.5046875 0.2109375 0.5 0.2140625 0.4953125 0.221875 0.4875 0.2265625 0.4859375
7 0.6162109375 0.44921875 0.5771484375 0.44921875 0.5771484375 0.5322265625 0.6162109375 0.5322265625 0.6162109375 0.44921875
7 0.55078125 0.4013671875 0.494140625 0.4013671875 0.494140625 0.474609375 0.55078125 0.474609375 0.55078125 0.4013671875
7 0.8251953125 0.3974609375 0.7470703125 0.3974609375 0.7470703125 0.431640625 0.8251953125 0.431640625 0.8251953125 0.3974609375
7 0.91796875 0.3466796875 0.884765625 0.3466796875 0.884765625 0.42578125 0.91796875 0.42578125 0.91796875 0.3466796875
7 0.97265625 0.2578125 0.8974609375 0.2578125 0.8974609375 0.2841796875 0.97265625 0.2841796875 0.97265625 0.2578125
3 0.8109375 0.2671875 0.815625 0.26875 0.821875 0.2765625 0.821875 0.296875 0.81875 0.30625 0.8171875 0.3265625 0.803125 0.3421875 0.796875 0.340625 0.7953125 0.3375 0.7953125 0.3125 0.8 0.2765625 0.8046875 0.26875 0.809375 0.2671875
3 0.21875 0.7796875 0.234375 0.7796875 0.253125 0.7875 0.275 0.7921875 0.2859375 0.796875 0.29375 0.8046875 0.2953125 0.8109375 0.2921875 0.8140625 0.284375 0.8140625 0.271875 0.81875 0.2625 0.8140625 0.2578125 0.8140625 0.2546875 0.8109375 0.240625 0.809375 0.2265625 0.803125 0.221875 0.7984375 0.2171875 0.790625 0.21875 0.78125
5 0.9673828125 0.8349609375 0.8990429687500001 0.8349609375 0.8990429687500001 0.9283398437500001 0.9673828125 0.9283398437500001 0.9673828125 0.8349609375
3 0.8890625 0.63125 0.9 0.6375 0.9046875 0.646875 0.9046875 0.6515625 0.9078125 0.6546875 0.9078125 0.6609375 0.9140625 0.6796875 0.9140625 0.6921875 0.9078125 0.703125 0.9078125 0.7078125 0.9015625 0.7078125 0.8984375 0.7046875 0.890625 0.6859375 0.8890625 0.6734375 0.8828125 0.6578125 0.88125 0.6328125 0.8875 0.63125
7 0.7484375 0.84375 0.7546875 0.84375 0.7609375 0.85625 0.759375 0.9078125 0.7515625 0.91875 0.7453125 0.91875 0.7359375 0.9109375 0.7328125 0.896875 0.734375 0.859375 0.7484375 0.8453125
7 0.5609375 0.7625 0.5640625 0.7640625 0.565625 0.76875 0.553125 0.7828125 0.51875 0.7828125 0.503125 0.7796875 0.4984375 0.778125 0.4921875 0.771875 0.490625 0.765625 0.49375 0.7609375 0.4984375 0.759375 0.5375 0.759375 0.559375 0.7625
7 0.5578125 0.8734375 0.5578125 0.86875 0.56875 0.8625 0.6 0.8578125 0.621875 0.859375 0.6265625 0.8671875 0.6265625 0.871875 0.61875 0.8796875 0.6 0.884375 0.5765625 0.884375 0.559375 0.8734375
7 0.378125 0.8109375 0.3921875 0.8 0.403125 0.8 0.403125 0.8109375 0.396875 0.821875 0.3953125 0.8296875 0.3890625 0.8375 0.3796875 0.85625 0.371875 0.8640625 0.3640625 0.8671875 0.359375 0.865625 0.359375 0.8421875 0.378125 0.8125
7 0.18125 0.5421875 0.184375 0.553125 0.184375 0.5671875 0.18125 0.578125 0.18125 0.6140625 0.178125 0.6203125 0.165625 0.61875 0.159375 0.6109375 0.1578125 0.5765625 0.159375 0.575 0.159375 0.5578125 0.1671875 0.5515625 0.175 0.5390625 0.1796875 0.5421875
1 0.1 0.6125 0.10625 0.615625 0.1140625 0.625 0.115625 0.63125 0.11875 0.6328125 0.11875 0.6359375 0.1296875 0.6515625 0.13125 0.6578125 0.134375 0.659375 0.1375 0.6671875 0.1375 0.675 0.1328125 0.678125 0.1203125 0.6765625 0.1125 0.66875 0.1046875 0.6546875 0.1015625 0.653125 0.090625 0.6296875 0.090625 0.6203125 0.09375 0.615625 0.0984375 0.6140625
7 0.6921875 0.634375 0.69375 0.6359375 0.7125 0.6359375 0.7203125 0.640625 0.7265625 0.6515625 0.7265625 0.6578125 0.7234375 0.6609375 0.6890625 0.6609375 0.68125 0.6578125 0.6703125 0.6578125 0.6640625 0.6546875 0.6625 0.640625 0.6671875 0.6359375 0.690625 0.634375
7 0.7046875 0.740625 0.7078125 0.7421875 0.709375 0.746875 0.703125 0.753125 0.7 0.7609375 0.690625 0.7703125 0.665625 0.7796875 0.6484375 0.778125 0.64375 0.771875 0.64375 0.7640625 0.659375 0.753125 0.6859375 0.7421875 0.703125 0.740625
7 0.115625 0.3421875 0.1140625 0.353125 0.08125 0.38125 0.0765625 0.3875 0.0734375 0.3875 0.0640625 0.3953125 0.0546875 0.39375 0.05 0.384375 0.0578125 0.3671875 0.0875 0.3421875 0.10625 0.3421875 0.1078125 0.340625 0.1140625 0.3421875
6 0.1296875 0.4265625 0.1546875 0.4359375 0.1734375 0.4484375 0.1796875 0.45625 0.1796875 0.4625 0.16875 0.4703125 0.159375 0.4703125 0.1484375 0.465625 0.1421875 0.459375 0.1328125 0.45625 0.128125 0.44375 0.128125 0.4375 0.125 0.434375 0.125 0.428125 0.128125 0.428125
0 0.466796875 0.123046875 0.392578125 0.123046875 0.392578125 0.1572265625 0.466796875 0.1572265625 0.466796875 0.123046875
0 0.6494140625 0.1435546875 0.611328125 0.1435546875 0.611328125 0.169921875 0.6494140625 0.169921875 0.6494140625 0.1435546875
0 0.1279296875 0.1103515625 0.0556640625 0.1103515625 0.0556640625 0.1494140625 0.1279296875 0.1494140625 0.1279296875 0.1103515625
3 0.1943359375 0.216796875 0.1494140625 0.216796875 0.1494140625 0.28515625 0.1943359375 0.28515625 0.1943359375 0.216796875
0 0.4462890625 0.24609375 0.390625 0.24609375 0.390625 0.294921875 0.4462890625 0.294921875 0.4462890625 0.24609375
3 0.846875 0.534375 0.853125 0.5390625 0.85 0.5578125 0.8453125 0.56875 0.8421875 0.5703125 0.840625 0.578125 0.828125 0.590625 0.8203125 0.590625 0.8125 0.584375 0.8125 0.5671875 0.8234375 0.5421875 0.828125 0.5390625 0.834375 0.5390625 0.840625 0.534375 0.8453125 0.534375
1 0.3203125 0.628125 0.3515625 0.6109375 0.359375 0.6109375 0.3640625 0.6125 0.365625 0.615625 0.365625 0.625 0.3625 0.6296875 0.3453125 0.64375 0.3171875 0.6609375 0.3109375 0.6609375 0.3078125 0.6578125 0.3078125 0.65 0.3125 0.6328125 0.3203125 0.6296875
7 0.48125 0.271875 0.5625 0.271875 0.5625 0.296875 0.48125 0.296875 0.48125 0.2734375
0 0.1259765625 0.125 0.1279296875 0.115234375 0.1220703125 0.1103515625 0.10546875 0.1123046875 0.078125 0.1220703125 0.05859375 0.134765625 0.05859375 0.14453125 0.083984375 0.1484375 0.1181640625 0.1337890625 0.1259765625 0.125