0 0.9109375 0.425 0.9171875 0.434375 0.9171875 0.4890625 0.9109375 0.5015625 0.9046875 0.5015625 0.890625 0.48125 0.8921875 0.4390625 0.9 0.428125 0.9046875 0.428125 0.909375 0.425
0 0.403125 0.4875 0.4046875 0.5078125 0.396875 0.5125 0.390625 0.5125 0.3875 0.515625 0.3796875 0.5140625 0.375 0.49375 0.3765625 0.490625 0.3875 0.4875 0.4015625 0.4875
0 0.8234375 0.2140625 0.8328125 0.2171875 0.8546875 0.2171875 0.8703125 0.221875 0.871875 0.2234375 0.8703125 0.23125 0.8578125 0.2390625 0.8125 0.2390625 0.803125 0.234375 0.796875 0.2265625 0.7984375 0.2171875 0.8015625 0.2140625 0.821875 0.2140625
0 0.075 0.1125 0.090625 0.1109375 0.096875 0.115625 0.096875 0.121875 0.0921875 0.134375 0.0734375 0.1640625 0.065625 0.171875 0.059375 0.175 0.0546875 0.1734375 0.0515625 0.1703125 0.05 0.15625 0.053125 0.14375 0.0671875 0.121875 0.075 0.1140625
0 0.584375 0.30625 0.596875 0.334375 0.5984375 0.3453125 0.5953125 0.3515625 0.5859375 0.3515625 0.5765625 0.34375 0.5640625 0.3171875 0.5703125 0.3109375 0.5828125 0.30625
0 0.2109375 0.3015625 0.2046875 0.29375 0.2046875 0.2875 0.2078125 0.284375 0.2234375 0.2796875 0.2453125 0.2796875 0.246875 0.278125 0.2765625 0.2796875 0.271875 0.2953125 0.26875 0.2984375 0.2609375 0.3015625 0.240625 0.3015625 0.2390625 0.303125 0.2125 0.3015625
0 0.690625 0.45 0.6984375 0.45625 0.6984375 0.4609375 0.690625 0.46875 0.6828125 0.4703125 0.6671875 0.478125 0.65625 0.4765625 0.653125 0.4703125 0.653125 0.459375 0.671875 0.4515625 0.6890625 0.45
0 0.7578125 0.46875 0.7640625 0.4734375 0.765625 0.478125 0.765625 0.49375 0.7609375 0.503125 0.7609375 0.5078125 0.75625 0.5140625 0.75625 0.51875 0.753125 0.521875 0.7359375 0.515625 0.734375 0.509375 0.75 0.471875 0.75625 0.46875
0 0.228125 0.6578125 0.2265625 0.6546875 0.228125 0.64375 0.2375 0.6375 0.246875 0.6390625 0.2484375 0.6484375 0.2421875 0.65625 0.2296875 0.6578125
4 0.3876953125 0.638671875 0.431640625 0.638671875 0.431640625 0.57421875 0.3876953125 0.57421875 0.3876953125 0.638671875
4 0.392578125 0.3115234375 0.43359375 0.3115234375 0.43359375 0.2587890625 0.392578125 0.2587890625 0.392578125 0.3115234375
4 0.47265625 0.3916015625 0.5087890625 0.3916015625 0.5087890625 0.330078125 0.47265625 0.330078125 0.47265625 0.3916015625
1 0.6921875 0.6125 0.6984375 0.6125 0.70625 0.6234375 0.71875 0.6625 0.71875 0.675 0.7140625 0.6796875 0.7046875 0.6796875 0.696875 0.671875 0.6921875 0.6609375 0.6875 0.6390625 0.684375 0.6359375 0.684375 0.628125 0.6921875 0.6140625
7 0.53125 0.7919921875 0.6171875 0.7919921875 0.6171875 0.7509765625 0.53125 0.7509765625 0.53125 0.7919921875
4 0.291015625 0.8193359375 0.32421875 0.8193359375 0.32421875 0.765625 0.291015625 0.765625 0.291015625 0.8193359375
1 0.759375 0.815625 0.796875 0.7953125 0.8140625 0.7890625 0.81875 0.7890625 0.8234375 0.7953125 0.8203125 0.80625 0.815625 0.8125 0.7859375 0.8296875 0.775 0.83125 0.759375 0.8265625 0.75625 0.825 0.759375 0.8171875
4 0.744140625 0.4052734375 0.7880859375 0.4052734375 0.7880859375 0.36328125 0.744140625 0.36328125 0.744140625 0.4052734375
5 0.2515625 0.4875 0.290625 0.4953125 0.303125 0.5046875 0.3046875 0.5125 0.3109375 0.5203125 0.309375 0.525 0.253125 0.5234375 0.228125 0.515625 0.215625 0.5046875 0.2125 0.5 0.2125 0.4953125 0.21875 0.49375 0.2265625 0.4875 0.25 0.4875
7 0.5771484375 0.55078125 0.6162109375 0.55078125 0.6162109375 0.4677734375 0.5771484375 0.4677734375 0.5771484375 0.55078125
7 0.494140625 0.5986328125 0.55078125 0.5986328125 0.55078125 0.525390625 0.494140625 0.525390625 0.494140625 0.5986328125
7 0.7470703125 0.6025390625 0.8251953125 0.6025390625 0.8251953125 0.568359375 0.7470703125 0.568359375 0.7470703125 0.6025390625
7 0.884765625 0.6533203125 0.91796875 0.6533203125 0.91796875 0.57421875 0.884765625 0.57421875 0.884765625 0.6533203125
7 0.8974609375 0.7421875 0.97265625 0.7421875 0.97265625 0.7158203125 0.8974609375 0.7158203125 0.8974609375 0.7421875
3 0.8046875 0.6578125 0.81875 0.6734375 0.8203125 0.69375 0.8234375 0.703125 0.8234375 0.7234375 0.8171875 0.73125 0.8125 0.7328125 0.80625 0.73125 0.8015625 0.7234375 0.8015625 0.7140625 0.7984375 0.703125 0.796875 0.6625 0.7984375 0.659375 0.803125 0.6578125
3 0.2734375 0.18125 0.2859375 0.1859375 0.29375 0.1859375 0.296875 0.1890625 0.2953125 0.1953125 0.2875 0.203125 0.2765625 0.2078125 0.2546875 0.2125 0.2359375 0.2203125 0.2203125 0.2203125 0.21875 0.209375 0.228125 0.196875 0.2421875 0.190625 0.25625 0.1890625 0.259375 0.1859375 0.271875 0.1828125
5 0.8990429687500001 0.1650390625 0.9673828125 0.1650390625 0.9673828125 0.07166015625 0.8990429687500001 0.07166015625 0.8990429687500001 0.1650390625
3 0.909375 0.2921875 0.909375 0.296875 0.915625 0.3078125 0.915625 0.3203125 0.9125 0.3265625 0.909375 0.3453125 0.90625 0.3484375 0.90625 0.353125 0.9015625 0.3625 0.890625 0.36875 0.8828125 0.3671875 0.884375 0.3421875 0.8875 0.3375 0.8921875 0.3140625 0.9 0.2953125 0.903125 0.2921875 0.9078125 0.2921875
7 0.753125 0.08125 0.7609375 0.0921875 0.7625 0.1015625 0.7625 0.14375 0.75625 0.15625 0.75 0.15625 0.75 0.153125 0.7375 0.14375 0.734375 0.125 0.7359375 0.0921875 0.74375 0.0828125 0.7515625 0.08125
7 0.5546875 0.2171875 0.565625 0.228125 0.5671875 0.23125 0.565625 0.2359375 0.55625 0.2390625 0.540625 0.2390625 0.5390625 0.240625 0.5 0.240625 0.49375 0.2375 0.4921875 0.234375 0.49375 0.228125 0.5 0.221875 0.5203125 0.2171875 0.553125 0.2171875
7 0.6078125 0.1171875 0.6203125 0.1203125 0.628125 0.128125 0.628125 0.1328125 0.6234375 0.140625 0.61875 0.1421875 0.6015625 0.1421875 0.5703125 0.1375 0.559375 0.13125 0.559375 0.1265625 0.578125 0.115625 0.60625 0.1171875
7 0.3609375 0.134375 0.3640625 0.1328125 0.3703125 0.134375 0.38125 0.14375 0.390625 0.1625 0.396875 0.1703125 0.3984375 0.178125 0.4046875 0.1890625 0.4046875 0.2 0.39375 0.2 0.3796875 0.1890625 0.3609375 0.1578125 0.3609375 0.1359375
7 0.1609375 0.4421875 0.159375 0.39375 0.1625 0.3859375 0.171875 0.3796875 0.1796875 0.3796875 0.1828125 0.3859375 0.1828125 0.421875 0.1859375 0.4328125 0.1859375 0.446875 0.1828125 0.4578125 0.1765625 0.4609375 0.1625 0.4421875
1 0.1375 0.3234375 0.1390625 0.3328125 0.1359375 0.340625 0.1328125 0.3421875 0.13125 0.3484375 0.1203125 0.3640625 0.1203125 0.3671875 0.1171875 0.36875 0.115625 0.375 0.1078125 0.384375 0.1015625 0.3875 0.0953125 0.384375 0.0921875 0.3796875 0.0921875 0.3703125 0.0984375 0.3546875 0.1140625 0.33125 0.121875 0.3234375 0.1265625 0.321875 0.1359375 0.3234375
7 0.725 0.3390625 0.728125 0.3421875 0.728125 0.3484375 0.721875 0.359375 0.7140625 0.3640625 0.6953125 0.3640625 0.69375 0.365625 0.66875 0.3640625 0.6640625 0.359375 0.665625 0.3453125 0.671875 0.3421875 0.6828125 0.3421875 0.690625 0.3390625 0.7234375 0.3390625
7 0.6796875 0.225 0.6921875 0.2296875 0.7015625 0.2390625 0.7015625 0.2421875 0.7109375 0.253125 0.709375 0.2578125 0.70625 0.259375 0.6875 0.2578125 0.6609375 0.246875 0.6453125 0.2359375 0.6453125 0.228125 0.653125 0.2203125 0.6671875 0.2203125 0.675 0.221875 0.678125 0.225
7 0.065625 0.6046875 0.075 0.6125 0.078125 0.6125 0.0828125 0.61875 0.115625 0.646875 0.1171875 0.6578125 0.1140625 0.659375 0.0890625 0.6578125 0.059375 0.6328125 0.0515625 0.615625 0.05625 0.60625 0.0640625 0.6046875
6 0.1703125 0.5296875 0.18125 0.5375 0.1796875 0.546875 0.1609375 0.559375 0.159375 0.5625 0.13125 0.5734375 0.1265625 0.571875 0.1265625 0.565625 0.1296875 0.5625 0.1296875 0.55625 0.134375 0.54375 0.14375 0.540625 0.153125 0.5328125 0.1609375 0.5296875 0.16875 0.5296875
0 0.392578125 0.876953125 0.466796875 0.876953125 0.466796875 0.8427734375 0.392578125 0.8427734375 0.392578125 0.876953125
0 0.611328125 0.8564453125 0.6494140625 0.8564453125 0.6494140625 0.830078125 0.611328125 0.830078125 0.611328125 0.8564453125
0 0.0556640625 0.8896484375 0.1279296875 0.8896484375 0.1279296875 0.8505859375 0.0556640625 0.8505859375 0.0556640625 0.8896484375
3 0.1494140625 0.783203125 0.1943359375 0.783203125 0.1943359375 0.71484375 0.1494140625 0.71484375 0.1494140625 0.783203125
0 0.390625 0.75390625 0.4462890625 0.75390625 0.4462890625 0.705078125 0.390625 0.705078125 0.390625 0.75390625
3 0.8171875 0.4125 0.821875 0.409375 0.8296875 0.409375 0.8390625 0.4171875 0.84375 0.425 0.84375 0.4296875 0.846875 0.43125 0.8546875 0.453125 0.8546875 0.4609375 0.8484375 0.465625 0.8421875 0.465625 0.8359375 0.4609375 0.8296875 0.4609375 0.825 0.4578125 0.8140625 0.4328125 0.8140625 0.415625 0.8171875 0.4140625
1 0.31875 0.3390625 0.346875 0.35625 0.3640625 0.3703125 0.3671875 0.375 0.3671875 0.384375 0.365625 0.3875 0.3609375 0.3890625 0.3484375 0.3875 0.321875 0.371875 0.3203125 0.36875 0.3140625 0.3671875 0.3109375 0.359375 0.309375 0.3421875 0.3125 0.3390625 0.3171875 0.3390625
7 0.4828125 0.703125 0.5640625 0.703125 0.5640625 0.728125 0.4828125 0.728125 0.4828125 0.7046875
0 0.05859375 0.85546875 0.05859375 0.865234375 0.078125 0.8779296875 0.10546875 0.8876953125 0.1220703125 0.8896484375 0.1279296875 0.884765625 0.1259765625 0.875 0.1181640625 0.8662109375 0.083984375 0.8515625 0.05859375 0.85546875