0 0.8818359375 0.4619140625 0.8857421875 0.4658203125 0.8876953125 0.478515625 0.88671875 0.484375 0.87890625 0.48828125 0.8583984375 0.4873046875 0.857421875 0.470703125 0.8623046875 0.462890625 0.880859375 0.4619140625
0 0.7490234375 0.75048828125 0.03125 0.0283203125
3 0.8427734375 0.818359375 0.849609375 0.8232421875 0.853515625 0.83203125 0.8564453125 0.8642578125 0.853515625 0.8837890625 0.8408203125 0.8994140625 0.8349609375 0.8984375 0.8291015625 0.8876953125 0.828125 0.826171875 0.833984375 0.8173828125 0.841796875 0.818359375
3 0.318359375 0.0673828125 0.3251953125 0.0732421875 0.322265625 0.0810546875 0.3056640625 0.087890625 0.283203125 0.08984375 0.2705078125 0.08984375 0.2587890625 0.0859375 0.2470703125 0.07421875 0.2509765625 0.068359375 0.2626953125 0.064453125 0.291015625 0.064453125 0.3173828125 0.0673828125
3 0.91796875 0.7236328125 0.935546875 0.73046875 0.939453125 0.7353515625 0.9404296875 0.744140625 0.93359375 0.7490234375 0.9169921875 0.7509765625 0.8720703125 0.75 0.859375 0.7470703125 0.8515625 0.7412109375 0.8544921875 0.7373046875 0.86328125 0.7333984375 0.87109375 0.7236328125 0.9169921875 0.7236328125
3 0.25537109375 0.896484375 0.0361328125 0.07421875
3 0.70703125 0.3056640625 0.7197265625 0.3203125 0.7314453125 0.3515625 0.7314453125 0.359375 0.7275390625 0.3642578125 0.724609375 0.3759765625 0.7216796875 0.3779296875 0.716796875 0.376953125 0.7099609375 0.369140625 0.693359375 0.3212890625 0.6923828125 0.310546875 0.6943359375 0.3076171875 0.6982421875 0.3046875 0.7060546875 0.3056640625
3 0.4267578125 0.84423828125 0.05078125 0.0751953125
3 0.5498046875 0.3447265625 0.5556640625 0.34765625 0.55859375 0.3525390625 0.556640625 0.3642578125 0.546875 0.369140625 0.5263671875 0.37109375 0.494140625 0.3701171875 0.484375 0.365234375 0.482421875 0.3623046875 0.4833984375 0.3583984375 0.501953125 0.345703125 0.548828125 0.3447265625
3 0.8857421875 0.5537109375 0.89453125 0.556640625 0.896484375 0.560546875 0.89453125 0.5703125 0.8798828125 0.591796875 0.861328125 0.6064453125 0.853515625 0.6064453125 0.8515625 0.603515625 0.8525390625 0.5908203125 0.8505859375 0.58203125 0.8662109375 0.5595703125 0.8779296875 0.5537109375 0.884765625 0.5537109375
3 0.1455078125 0.6484375 0.15234375 0.65625 0.162109375 0.6611328125 0.162109375 0.6650390625 0.158203125 0.6689453125 0.1318359375 0.677734375 0.095703125 0.6826171875 0.0830078125 0.6787109375 0.083984375 0.669921875 0.0927734375 0.66015625 0.109375 0.654296875 0.14453125 0.6484375
3 0.498046875 0.1494140625 0.5224609375 0.1611328125 0.5361328125 0.1904296875 0.537109375 0.2041015625 0.53515625 0.208984375 0.529296875 0.21484375 0.521484375 0.2158203125 0.5107421875 0.2060546875 0.494140625 0.16796875 0.4931640625 0.154296875 0.4970703125 0.150390625
3 0.2158203125 0.20703125 0.224609375 0.212890625 0.2470703125 0.2509765625 0.25390625 0.2685546875 0.25390625 0.2841796875 0.2470703125 0.28515625 0.2421875 0.2802734375 0.228515625 0.2734375 0.2060546875 0.2236328125 0.2080078125 0.212890625 0.2119140625 0.2080078125 0.21484375 0.2080078125
3 0.087890625 0.16015625 0.0927734375 0.1650390625 0.087890625 0.1787109375 0.0634765625 0.20703125 0.044921875 0.2197265625 0.0361328125 0.2197265625 0.033203125 0.216796875 0.033203125 0.2119140625 0.0380859375 0.2021484375 0.0703125 0.166015625 0.0810546875 0.1591796875 0.0869140625 0.16015625
3 0.6015625 0.6328125 0.609375 0.6376953125 0.6142578125 0.6494140625 0.6181640625 0.685546875 0.6162109375 0.69921875 0.6083984375 0.7119140625 0.6025390625 0.71484375 0.59765625 0.708984375 0.5927734375 0.6904296875 0.5888671875 0.6591796875 0.5888671875 0.640625 0.5927734375 0.6357421875 0.6005859375 0.6337890625
3 0.1806640625 0.79296875 0.1865234375 0.80078125 0.1865234375 0.8046875 0.1806640625 0.810546875 0.16015625 0.8203125 0.12109375 0.83203125 0.109375 0.83203125 0.1044921875 0.8291015625 0.1044921875 0.82421875 0.119140625 0.8076171875 0.162109375 0.7919921875 0.17578125 0.791015625 0.1796875 0.79296875
3 0.642578125 0.0908203125 0.654296875 0.095703125 0.6611328125 0.1025390625 0.6630859375 0.107421875 0.6611328125 0.1123046875 0.6025390625 0.1220703125 0.5888671875 0.12109375 0.58203125 0.115234375 0.5830078125 0.1103515625 0.59765625 0.0966796875 0.6171875 0.091796875 0.6416015625 0.0908203125
3 0.216796875 0.3115234375 0.2265625 0.314453125 0.2265625 0.3203125 0.2197265625 0.328125 0.203125 0.337890625 0.166015625 0.3544921875 0.1611328125 0.3544921875 0.15625 0.345703125 0.1572265625 0.337890625 0.1640625 0.3310546875 0.1904296875 0.3154296875 0.201171875 0.3115234375 0.2158203125 0.3115234375
3 0.4287109375 0.4453125 0.4384765625 0.4501953125 0.44921875 0.4501953125 0.4716796875 0.4765625 0.4775390625 0.4873046875 0.4765625 0.50390625 0.4716796875 0.509765625 0.46484375 0.5087890625 0.4609375 0.505859375 0.4345703125 0.474609375 0.423828125 0.455078125 0.423828125 0.447265625 0.427734375 0.4453125
3 0.6630859375 0.5556640625 0.69140625 0.5732421875 0.712890625 0.58984375 0.7158203125 0.5947265625 0.71484375 0.6005859375 0.69921875 0.6044921875 0.69140625 0.6044921875 0.6787109375 0.5986328125 0.6630859375 0.587890625 0.6533203125 0.578125 0.6484375 0.5693359375 0.6484375 0.560546875 0.6552734375 0.5537109375 0.662109375 0.5556640625
3 0.5634765625 0.4912109375 0.572265625 0.4892578125 0.5771484375 0.4970703125 0.5751953125 0.51171875 0.564453125 0.529296875 0.544921875 0.55078125 0.5244140625 0.5556640625 0.5185546875 0.552734375 0.51953125 0.5458984375 0.5283203125 0.53125 0.5634765625 0.4921875
3 0.595703125 0.8720703125 0.6083984375 0.8759765625 0.6591796875 0.900390625 0.662109375 0.904296875 0.662109375 0.9111328125 0.658203125 0.916015625 0.6484375 0.9189453125 0.6259765625 0.9140625 0.5966796875 0.8984375 0.5849609375 0.8798828125 0.5849609375 0.8740234375 0.5869140625 0.8720703125 0.5947265625 0.8720703125
3 0.697265625 0.1953125 0.7294921875 0.2080078125 0.7451171875 0.21875 0.744140625 0.2255859375 0.7236328125 0.23046875 0.6884765625 0.216796875 0.6787109375 0.2109375 0.669921875 0.2021484375 0.6669921875 0.193359375 0.671875 0.189453125 0.6962890625 0.1953125
1 0.8837890625 0.158203125 0.896484375 0.1640625 0.9208984375 0.1953125 0.921875 0.2119140625 0.9189453125 0.21875 0.9150390625 0.2216796875 0.904296875 0.21875 0.8857421875 0.19921875 0.8701171875 0.1767578125 0.8671875 0.1669921875 0.8681640625 0.162109375 0.8740234375 0.158203125 0.8828125 0.158203125
1 0.8173828125 0.2822265625 0.828125 0.28515625 0.84765625 0.2978515625 0.8662109375 0.306640625 0.8740234375 0.3134765625 0.873046875 0.318359375 0.86328125 0.3251953125 0.85546875 0.3251953125 0.8271484375 0.3134765625 0.8134765625 0.30078125 0.8125 0.287109375 0.81640625 0.283203125
1 0.4150390625 0.23291015625 0.041015625 0.0673828125
1 0.3271484375 0.37890625 0.359375 0.3837890625 0.365234375 0.38671875 0.3720703125 0.39453125 0.37109375 0.400390625 0.3662109375 0.404296875 0.35546875 0.4052734375 0.31640625 0.404296875 0.3046875 0.400390625 0.30078125 0.396484375 0.30078125 0.3916015625 0.3134765625 0.3798828125 0.326171875 0.37890625
1 0.1181640625 0.4365234375 0.1376953125 0.443359375 0.1689453125 0.478515625 0.1748046875 0.4892578125 0.1748046875 0.498046875 0.169921875 0.50390625 0.1630859375 0.50390625 0.1533203125 0.4970703125 0.1357421875 0.4814453125 0.12109375 0.4638671875 0.1103515625 0.4462890625 0.1103515625 0.4384765625 0.1171875 0.4365234375
2 0.369140625 0.6015625 0.380859375 0.60546875 0.3857421875 0.609375 0.3876953125 0.634765625 0.392578125 0.6591796875 0.38671875 0.66796875 0.3662109375 0.6865234375 0.35546875 0.689453125 0.33984375 0.6728515625 0.3369140625 0.666015625 0.3369140625 0.6083984375 0.3447265625 0.6025390625 0.3681640625 0.6015625
1 0.45751953125 0.728515625 0.0556640625 0.0546875
1 0.6865234375 0.4443359375 0.6904296875 0.4462890625 0.69140625 0.453125 0.6845703125 0.4658203125 0.65625 0.498046875 0.6396484375 0.509765625 0.6337890625 0.509765625 0.630859375 0.5048828125 0.63671875 0.48046875 0.66796875 0.4482421875 0.6796875 0.443359375 0.685546875 0.4443359375
1 0.76171875 0.470703125 0.7783203125 0.4755859375 0.7861328125 0.4931640625 0.791015625 0.509765625 0.791015625 0.5224609375 0.783203125 0.5302734375 0.7763671875 0.529296875 0.771484375 0.525390625 0.7578125 0.494140625 0.7529296875 0.474609375 0.7548828125 0.4716796875 0.7607421875 0.470703125
1 0.7529296875 0.6630859375 0.76171875 0.662109375 0.775390625 0.66796875 0.8115234375 0.6884765625 0.8193359375 0.6982421875 0.8193359375 0.7060546875 0.8134765625 0.7119140625 0.802734375 0.7119140625 0.787109375 0.7060546875 0.76171875 0.6884765625 0.7529296875 0.6640625
1 0.7236328125 0.814453125 0.734375 0.8330078125 0.7353515625 0.8466796875 0.73046875 0.8798828125 0.7265625 0.88671875 0.720703125 0.890625 0.7158203125 0.890625 0.7109375 0.88671875 0.7099609375 0.865234375 0.7138671875 0.828125 0.716796875 0.818359375 0.72265625 0.814453125
1 0.955078125 0.32421875 0.9619140625 0.3310546875 0.9716796875 0.3349609375 0.9736328125 0.337890625 0.98046875 0.365234375 0.98046875 0.3935546875 0.9736328125 0.40234375 0.96875 0.404296875 0.9638671875 0.4033203125 0.958984375 0.396484375 0.947265625 0.3505859375 0.9462890625 0.3291015625 0.94921875 0.32421875 0.9541015625 0.32421875
0 0.3173828125 0.5166015625 0.328125 0.5224609375 0.3291015625 0.5263671875 0.3271484375 0.529296875 0.2978515625 0.5498046875 0.28125 0.5576171875 0.2744140625 0.5576171875 0.267578125 0.5517578125 0.2685546875 0.5439453125 0.2724609375 0.5390625 0.302734375 0.5185546875 0.30859375 0.515625 0.31640625 0.5166015625
1 0.2734375 0.7021484375 0.02734375 0.083984375
1 0.59375 0.7919921875 0.60546875 0.796875 0.6044921875 0.806640625 0.5986328125 0.8134765625 0.5927734375 0.81640625 0.5791015625 0.818359375 0.5419921875 0.81640625 0.525390625 0.7998046875 0.525390625 0.7958984375 0.533203125 0.791015625 0.54296875 0.7900390625 0.5927734375 0.7919921875