0 0.1767578125 0.2861328125 0.1962890625 0.2783203125 0.23046875 0.2744140625 0.23828125 0.287109375 0.2373046875 0.2939453125 0.2119140625 0.30078125 0.1943359375 0.30078125 0.1796875 0.2958984375 0.17578125 0.29296875 0.1748046875 0.2900390625 0.1767578125 0.287109375
0 0.34375 0.88330078125 0.056640625 0.0263671875
0 0.9775390625 0.541015625 0.9833984375 0.546875 0.984375 0.5546875 0.9775390625 0.5703125 0.974609375 0.5712890625 0.962890625 0.5693359375 0.953125 0.5595703125 0.9521484375 0.552734375 0.96875 0.5400390625 0.9765625 0.541015625
3 0.234375 0.08984375 0.2373046875 0.0888671875 0.240234375 0.091796875 0.2509765625 0.109375 0.25390625 0.119140625 0.2529296875 0.1328125 0.2470703125 0.154296875 0.2353515625 0.1611328125 0.2294921875 0.1611328125 0.2265625 0.158203125 0.234375 0.0908203125
3 0.1005859375 0.1787109375 0.1044921875 0.181640625 0.10546875 0.185546875 0.1005859375 0.197265625 0.0830078125 0.2060546875 0.064453125 0.2099609375 0.0517578125 0.2099609375 0.0361328125 0.203125 0.0322265625 0.19921875 0.0322265625 0.1962890625 0.0361328125 0.1923828125 0.0869140625 0.1787109375 0.099609375 0.1787109375
3 0.2802734375 0.22265625 0.2958984375 0.23046875 0.302734375 0.244140625 0.3017578125 0.2490234375 0.2861328125 0.2607421875 0.279296875 0.25390625 0.2705078125 0.2314453125 0.271484375 0.2236328125 0.2734375 0.2216796875 0.279296875 0.22265625
1 0.544921875 0.1875 0.564453125 0.1943359375 0.5703125 0.19921875 0.572265625 0.208984375 0.5810546875 0.2197265625 0.5771484375 0.2236328125 0.556640625 0.2216796875 0.525390625 0.2119140625 0.5107421875 0.203125 0.5078125 0.19921875 0.5078125 0.19140625 0.515625 0.1845703125 0.5322265625 0.18359375 0.5439453125 0.1875
7 0.3505859375 0.115234375 0.3701171875 0.12890625 0.3837890625 0.142578125 0.3876953125 0.1572265625 0.384765625 0.162109375 0.3798828125 0.1640625 0.373046875 0.1630859375 0.3642578125 0.158203125 0.333984375 0.13671875 0.3232421875 0.1259765625 0.3203125 0.119140625 0.322265625 0.1162109375 0.3408203125 0.11328125 0.349609375 0.115234375
1 0.783681640625 0.18982421875 0.041484375 0.084228515625
1 0.650390625 0.22265625 0.6533203125 0.2275390625 0.650390625 0.2568359375 0.6455078125 0.275390625 0.640625 0.28515625 0.6337890625 0.291015625 0.62890625 0.291015625 0.6220703125 0.287109375 0.619140625 0.2822265625 0.619140625 0.267578125 0.62890625 0.236328125 0.6435546875 0.224609375 0.6494140625 0.2236328125
7 0.451171875 0.2744140625 0.4873046875 0.2802734375 0.51171875 0.2890625 0.515625 0.2958984375 0.5146484375 0.298828125 0.5009765625 0.3017578125 0.4912109375 0.310546875 0.4482421875 0.302734375 0.4375 0.296875 0.431640625 0.287109375 0.4326171875 0.2783203125 0.439453125 0.2744140625 0.4501953125 0.2744140625
1 0.9384765625 0.208984375 0.953125 0.216796875 0.955078125 0.2197265625 0.9541015625 0.224609375 0.94921875 0.2294921875 0.93359375 0.2373046875 0.9013671875 0.248046875 0.8935546875 0.248046875 0.8896484375 0.2451171875 0.888671875 0.2353515625 0.892578125 0.2275390625 0.908203125 0.2177734375 0.9287109375 0.2099609375 0.9375 0.208984375
7 0.689453125 0.2685546875 0.69921875 0.2822265625 0.712890625 0.314453125 0.7099609375 0.3359375 0.70703125 0.3408203125 0.703125 0.341796875 0.6962890625 0.3369140625 0.689453125 0.3271484375 0.6708984375 0.2822265625 0.669921875 0.2734375 0.6728515625 0.267578125 0.6826171875 0.2646484375 0.6884765625 0.2685546875
7 0.822265625 0.2890625 0.8291015625 0.29296875 0.8583984375 0.32421875 0.8603515625 0.328125 0.859375 0.353515625 0.8544921875 0.353515625 0.8466796875 0.3486328125 0.806640625 0.302734375 0.8046875 0.2958984375 0.8076171875 0.291015625 0.8134765625 0.2880859375 0.8212890625 0.2890625
3 0.90283203125 0.4208984375 0.0556640625 0.03515625
7 0.0498046875 0.3876953125 0.060546875 0.38671875 0.07421875 0.39453125 0.10546875 0.41796875 0.1171875 0.4306640625 0.1162109375 0.4345703125 0.111328125 0.4384765625 0.099609375 0.439453125 0.0771484375 0.4287109375 0.056640625 0.4140625 0.0498046875 0.3984375 0.0498046875 0.388671875
1 0.22607421875 0.466796875 0.0458984375 0.04296875
1 0.341796875 0.451171875 0.359375 0.4892578125 0.359375 0.49609375 0.3525390625 0.4990234375 0.3447265625 0.4970703125 0.3369140625 0.490234375 0.3232421875 0.4658203125 0.32421875 0.458984375 0.3408203125 0.451171875
3 0.4150390625 0.380859375 0.4296875 0.3896484375 0.4453125 0.404296875 0.44921875 0.4228515625 0.44921875 0.4306640625 0.4453125 0.4326171875 0.4326171875 0.4267578125 0.3984375 0.39453125 0.3984375 0.3857421875 0.404296875 0.3798828125 0.4140625 0.380859375
1 0.5625 0.44140625 0.591796875 0.47265625 0.5947265625 0.4814453125 0.587890625 0.48828125 0.580078125 0.48828125 0.5673828125 0.4814453125 0.546875 0.4560546875 0.5478515625 0.4423828125 0.5556640625 0.4384765625 0.5615234375 0.44140625
7 0.681640625 0.4365234375 0.685546875 0.4423828125 0.6875 0.453125 0.6845703125 0.50390625 0.6787109375 0.5166015625 0.671875 0.5205078125 0.662109375 0.515625 0.6611328125 0.5009765625 0.666015625 0.47265625 0.66796875 0.443359375 0.6728515625 0.435546875 0.6806640625 0.4365234375
7 0.7421875 0.5068359375 0.7578125 0.51171875 0.8037109375 0.533203125 0.806640625 0.5361328125 0.806640625 0.54296875 0.7958984375 0.5517578125 0.7783203125 0.5498046875 0.744140625 0.5341796875 0.7412109375 0.53125 0.7373046875 0.5166015625 0.7333984375 0.5126953125 0.734375 0.5078125 0.7412109375 0.5068359375
1 0.8935546875 0.5048828125 0.8935546875 0.513671875 0.8798828125 0.5419921875 0.8583984375 0.572265625 0.8544921875 0.572265625 0.8486328125 0.5673828125 0.84375 0.5498046875 0.8447265625 0.5439453125 0.8623046875 0.5146484375 0.8720703125 0.5048828125 0.87890625 0.501953125 0.8876953125 0.501953125 0.892578125 0.5048828125
3 0.0908203125 0.552734375 0.10546875 0.5556640625 0.109375 0.5595703125 0.1083984375 0.564453125 0.1025390625 0.572265625 0.0947265625 0.578125 0.0771484375 0.578125 0.068359375 0.5810546875 0.0517578125 0.5810546875 0.04296875 0.5771484375 0.037109375 0.568359375 0.037109375 0.564453125 0.04296875 0.5595703125 0.0537109375 0.556640625 0.08984375 0.552734375
4 0.189453125 0.552734375 0.20703125 0.55859375 0.21484375 0.564453125 0.21484375 0.5712890625 0.2119140625 0.5751953125 0.193359375 0.583984375 0.1826171875 0.58203125 0.17578125 0.57421875 0.173828125 0.5654296875 0.1796875 0.556640625 0.1884765625 0.552734375
7 0.3251953125 0.5595703125 0.3310546875 0.5625 0.3388671875 0.5712890625 0.3603515625 0.6123046875 0.3642578125 0.6279296875 0.359375 0.634765625 0.3349609375 0.6220703125 0.3173828125 0.5908203125 0.3134765625 0.580078125 0.314453125 0.5673828125 0.3203125 0.560546875 0.32421875 0.5595703125
3 0.2861328125 0.705078125 0.2978515625 0.7119140625 0.298828125 0.7197265625 0.29296875 0.724609375 0.27734375 0.7275390625 0.23046875 0.7265625 0.2255859375 0.7216796875 0.2255859375 0.716796875 0.2431640625 0.7060546875 0.28515625 0.705078125
3 0.162109375 0.671875 0.1640625 0.6787109375 0.1630859375 0.685546875 0.1572265625 0.6943359375 0.1435546875 0.7041015625 0.1123046875 0.7197265625 0.087890625 0.71875 0.0849609375 0.7158203125 0.0849609375 0.7119140625 0.0888671875 0.7060546875 0.1123046875 0.6904296875 0.1435546875 0.6748046875 0.1552734375 0.6708984375 0.1611328125 0.671875
7 0.5361328125 0.728515625 0.54296875 0.734375 0.5498046875 0.751953125 0.5576171875 0.7841796875 0.5576171875 0.796875 0.5546875 0.8017578125 0.5498046875 0.8017578125 0.5322265625 0.7880859375 0.5224609375 0.7607421875 0.5205078125 0.75 0.521484375 0.7392578125 0.5263671875 0.732421875 0.53515625 0.728515625
0 0.462890625 0.783203125 0.4853515625 0.81640625 0.4873046875 0.8359375 0.4833984375 0.8388671875 0.4775390625 0.8369140625 0.4716796875 0.8310546875 0.4453125 0.7958984375 0.4443359375 0.79296875 0.4501953125 0.7861328125 0.4580078125 0.7822265625 0.4619140625 0.783203125
7 0.6943359375 0.7509765625 0.7001953125 0.7509765625 0.712890625 0.759765625 0.73046875 0.783203125 0.744140625 0.806640625 0.744140625 0.814453125 0.7373046875 0.818359375 0.7275390625 0.8173828125 0.716796875 0.80859375 0.6943359375 0.775390625 0.6943359375 0.751953125
7 0.6748046875 0.62109375 0.6826171875 0.62890625 0.7099609375 0.671875 0.71484375 0.689453125 0.708984375 0.6953125 0.69921875 0.6943359375 0.69140625 0.6884765625 0.666015625 0.6474609375 0.6630859375 0.626953125 0.6650390625 0.6220703125 0.673828125 0.62109375
7 0.8291015625 0.6689453125 0.8525390625 0.681640625 0.8740234375 0.69921875 0.8857421875 0.7158203125 0.884765625 0.7197265625 0.8798828125 0.72265625 0.8564453125 0.7197265625 0.8232421875 0.6923828125 0.81640625 0.681640625 0.8154296875 0.6748046875 0.8212890625 0.6689453125 0.828125 0.6689453125
4 0.8427734375 0.8203125 0.849609375 0.8271484375 0.85546875 0.837890625 0.8544921875 0.8447265625 0.845703125 0.8505859375 0.833984375 0.84765625 0.8251953125 0.8388671875 0.8251953125 0.83203125 0.828125 0.826171875 0.8349609375 0.8203125 0.841796875 0.8203125
7 0.6455078125 0.8701171875 0.6494140625 0.875 0.6474609375 0.88671875 0.609375 0.927734375 0.59765625 0.9345703125 0.59375 0.9345703125 0.58984375 0.9306640625 0.5908203125 0.904296875 0.6171875 0.8759765625 0.6259765625 0.8701171875 0.6318359375 0.8681640625 0.64453125 0.8701171875
7 0.119140625 0.8642578125 0.119140625 0.869140625 0.1025390625 0.8828125 0.0673828125 0.8876953125 0.05078125 0.8876953125 0.041015625 0.884765625 0.0361328125 0.875 0.0419921875 0.869140625 0.072265625 0.8623046875 0.107421875 0.861328125 0.1181640625 0.8642578125
3 0.4580078125 0.611328125 0.4921875 0.6201171875 0.5126953125 0.62890625 0.517578125 0.6337890625 0.5185546875 0.638671875 0.4951171875 0.6474609375 0.4609375 0.63671875 0.4501953125 0.630859375 0.4453125 0.623046875 0.4453125 0.61328125 0.44921875 0.6103515625 0.45703125 0.611328125