0 0.4560546875 0.583984375 0.5 0.591796875 0.51171875 0.59765625 0.5126953125 0.6025390625 0.509765625 0.60546875 0.494140625 0.61328125 0.44921875 0.609375 0.435546875 0.603515625 0.4287109375 0.5947265625 0.4287109375 0.587890625 0.4375 0.5830078125 0.455078125 0.583984375
0 0.8310546875 0.7880859375 0.853515625 0.7998046875 0.880859375 0.8203125 0.8828125 0.830078125 0.8798828125 0.8349609375 0.8740234375 0.8369140625 0.861328125 0.8349609375 0.8212890625 0.810546875 0.8173828125 0.796875 0.818359375 0.7890625 0.8232421875 0.7861328125 0.830078125 0.7880859375
0 0.6181640625 0.775390625 0.6259765625 0.78515625 0.6259765625 0.7939453125 0.623046875 0.8017578125 0.6103515625 0.8212890625 0.59375 0.8330078125 0.5830078125 0.8310546875 0.5810546875 0.8251953125 0.58203125 0.8203125 0.6103515625 0.775390625 0.6123046875 0.7734375 0.6171875 0.775390625
0 0.6044921875 0.6357421875 0.6064453125 0.64453125 0.6005859375 0.654296875 0.576171875 0.66796875 0.5546875 0.673828125 0.5322265625 0.6669921875 0.5302734375 0.6611328125 0.5341796875 0.6533203125 0.5546875 0.6435546875 0.5791015625 0.63671875 0.5947265625 0.6337890625 0.603515625 0.6357421875
6 0.2802734375 0.5400390625 0.29296875 0.5478515625 0.3125 0.5703125 0.3115234375 0.57421875 0.2978515625 0.5869140625 0.29296875 0.5849609375 0.2763671875 0.564453125 0.27734375 0.55078125 0.275390625 0.54296875 0.279296875 0.5400390625
1 0.4560546875 0.1513671875 0.4677734375 0.1630859375 0.4873046875 0.1904296875 0.4873046875 0.205078125 0.4892578125 0.2099609375 0.4892578125 0.2158203125 0.4873046875 0.2177734375 0.4775390625 0.21484375 0.4658203125 0.203125 0.435546875 0.16015625 0.4345703125 0.1533203125 0.4384765625 0.1494140625 0.4501953125 0.1484375 0.455078125 0.1513671875
1 0.2578125 0.1767578125 0.2705078125 0.189453125 0.283203125 0.2109375 0.2822265625 0.220703125 0.2744140625 0.23046875 0.259765625 0.2197265625 0.2373046875 0.18359375 0.236328125 0.177734375 0.2392578125 0.1748046875 0.251953125 0.173828125 0.2568359375 0.1767578125
4 0.1728515625 0.1728515625 0.1806640625 0.1806640625 0.1767578125 0.1923828125 0.17578125 0.2080078125 0.1611328125 0.23046875 0.1455078125 0.244140625 0.1328125 0.2431640625 0.130859375 0.2197265625 0.146484375 0.201171875 0.150390625 0.1884765625 0.171875 0.1728515625
1 0.6005859375 0.150390625 0.607421875 0.1728515625 0.609375 0.1904296875 0.5927734375 0.1982421875 0.587890625 0.1923828125 0.5810546875 0.1572265625 0.5869140625 0.15234375 0.599609375 0.150390625
7 0.744140625 0.2470703125 0.7490234375 0.2587890625 0.7548828125 0.3017578125 0.7548828125 0.314453125 0.7509765625 0.322265625 0.748046875 0.322265625 0.7421875 0.3134765625 0.732421875 0.3076171875 0.7275390625 0.279296875 0.7275390625 0.2578125 0.7353515625 0.248046875 0.7392578125 0.24609375 0.7431640625 0.2470703125
6 0.82421875 0.2060546875 0.8359375 0.19140625 0.8408203125 0.193359375 0.84375 0.203125 0.84375 0.2421875 0.8408203125 0.255859375 0.8359375 0.26171875 0.82421875 0.259765625 0.8173828125 0.2509765625 0.8173828125 0.216796875 0.8203125 0.2099609375 0.82421875 0.20703125
1 0.91796875 0.2822265625 0.97265625 0.2998046875 0.97265625 0.3076171875 0.966796875 0.314453125 0.9619140625 0.31640625 0.9482421875 0.31640625 0.9345703125 0.3134765625 0.908203125 0.3037109375 0.8974609375 0.2890625 0.896484375 0.283203125 0.900390625 0.2802734375 0.9169921875 0.2822265625
5 0.8310546875 0.4775390625 0.8525390625 0.462890625 0.9169921875 0.4306640625 0.9130859375 0.44140625 0.900390625 0.4560546875 0.8583984375 0.484375 0.8349609375 0.494140625 0.8291015625 0.494140625 0.8310546875 0.4873046875 0.8291015625 0.48046875 0.8310546875 0.478515625
5 0.3974609375 0.462890625 0.4072265625 0.462890625 0.443359375 0.486328125 0.48046875 0.5 0.4951171875 0.5009765625 0.4970703125 0.505859375 0.49609375 0.51171875 0.4873046875 0.515625 0.466796875 0.517578125 0.421875 0.5009765625 0.4072265625 0.498046875 0.400390625 0.494140625 0.396484375 0.48828125 0.396484375 0.4833984375 0.4033203125 0.4765625 0.40234375 0.47265625 0.396484375 0.466796875 0.3974609375 0.4638671875
5 0.390625 0.7548828125 0.400390625 0.759765625 0.4306640625 0.7841796875 0.4462890625 0.7900390625 0.4482421875 0.7919921875 0.447265625 0.8046875 0.439453125 0.8037109375 0.41015625 0.7900390625 0.396484375 0.7861328125 0.365234375 0.7626953125 0.3623046875 0.7578125 0.37109375 0.7578125 0.3818359375 0.75390625 0.3896484375 0.7548828125
6 0.611328125 0.7001953125 0.615234375 0.703125 0.615234375 0.7099609375 0.6083984375 0.71875 0.5908203125 0.7255859375 0.576171875 0.7265625 0.560546875 0.724609375 0.5458984375 0.7138671875 0.548828125 0.7080078125 0.58203125 0.69921875 0.5986328125 0.6982421875 0.6103515625 0.7001953125
1 0.7001953125 0.744140625 0.7109375 0.7451171875 0.720703125 0.7509765625 0.7412109375 0.7724609375 0.74609375 0.7822265625 0.74609375 0.7890625 0.744140625 0.7939453125 0.7392578125 0.7978515625 0.7333984375 0.796875 0.720703125 0.787109375 0.693359375 0.7587890625 0.6875 0.748046875 0.6904296875 0.7451171875 0.69921875 0.744140625
7 0.185546875 0.755859375 0.1943359375 0.759765625 0.205078125 0.7607421875 0.205078125 0.7666015625 0.2001953125 0.775390625 0.15234375 0.7998046875 0.1455078125 0.8017578125 0.13671875 0.8017578125 0.134765625 0.7998046875 0.1337890625 0.7900390625 0.1435546875 0.77734375 0.1845703125 0.7568359375
1 0.3623046875 0.869140625 0.369140625 0.87890625 0.369140625 0.8974609375 0.36328125 0.9326171875 0.359375 0.9423828125 0.35546875 0.9453125 0.34375 0.9443359375 0.3408203125 0.9404296875 0.3408203125 0.9345703125 0.3525390625 0.8798828125 0.35546875 0.8720703125 0.361328125 0.869140625
7 0.32421875 0.787109375 0.3291015625 0.7919921875 0.3291015625 0.7978515625 0.32421875 0.8037109375 0.29296875 0.8203125 0.2685546875 0.830078125 0.26171875 0.8271484375 0.26171875 0.822265625 0.2744140625 0.8046875 0.3076171875 0.7861328125 0.3232421875 0.787109375
1 0.1494140625 0.591796875 0.154296875 0.5966796875 0.1572265625 0.6044921875 0.1572265625 0.640625 0.154296875 0.6552734375 0.1474609375 0.6630859375 0.142578125 0.662109375 0.13671875 0.65234375 0.1279296875 0.6435546875 0.1279296875 0.6171875 0.1328125 0.5986328125 0.1435546875 0.591796875 0.1484375 0.591796875
7 0.154296875 0.474609375 0.1796875 0.48046875 0.1884765625 0.4873046875 0.1904296875 0.4931640625 0.189453125 0.4990234375 0.1787109375 0.50390625 0.13671875 0.5 0.1142578125 0.494140625 0.1123046875 0.486328125 0.1298828125 0.474609375 0.1533203125 0.474609375
1 0.1533203125 0.3447265625 0.1650390625 0.34765625 0.1728515625 0.353515625 0.1708984375 0.357421875 0.162109375 0.3623046875 0.15625 0.37109375 0.1318359375 0.37109375 0.109375 0.3671875 0.1025390625 0.3642578125 0.0947265625 0.35546875 0.0947265625 0.34765625 0.103515625 0.3427734375 0.1162109375 0.341796875 0.15234375 0.3447265625
3 0.3779296875 0.310546875 0.396484375 0.3173828125 0.3955078125 0.3349609375 0.392578125 0.3408203125 0.373046875 0.337890625 0.3544921875 0.3310546875 0.3466796875 0.3251953125 0.345703125 0.3212890625 0.349609375 0.31640625 0.3603515625 0.3134765625 0.365234375 0.3095703125 0.376953125 0.310546875
4 0.5078125 0.3349609375 0.51171875 0.33984375 0.51171875 0.34765625 0.5048828125 0.369140625 0.50390625 0.3798828125 0.498046875 0.3857421875 0.4892578125 0.3876953125 0.4765625 0.3837890625 0.47265625 0.3798828125 0.47265625 0.373046875 0.4794921875 0.359375 0.5009765625 0.3369140625 0.5068359375 0.3349609375
1 0.6162109375 0.333984375 0.626953125 0.33984375 0.6279296875 0.3486328125 0.6259765625 0.3505859375 0.6083984375 0.3583984375 0.5751953125 0.36328125 0.5654296875 0.3623046875 0.5595703125 0.359375 0.560546875 0.34765625 0.5673828125 0.3408203125 0.57421875 0.337890625 0.615234375 0.333984375
7 0.6337890625 0.396484375 0.6337890625 0.4072265625 0.6171875 0.4296875 0.595703125 0.44921875 0.5810546875 0.45703125 0.57421875 0.4560546875 0.5703125 0.4482421875 0.5712890625 0.4365234375 0.576171875 0.4287109375 0.5869140625 0.4169921875 0.6064453125 0.4013671875 0.6328125 0.396484375
7 0.8359375 0.7021484375 0.8525390625 0.7109375 0.8681640625 0.744140625 0.873046875 0.7578125 0.8740234375 0.7685546875 0.8671875 0.7763671875 0.861328125 0.7763671875 0.85546875 0.771484375 0.837890625 0.740234375 0.826171875 0.70703125 0.828125 0.703125 0.8349609375 0.7021484375
7 0.5302734375 0.8251953125 0.5390625 0.8330078125 0.5576171875 0.865234375 0.5595703125 0.876953125 0.5556640625 0.8935546875 0.5478515625 0.8935546875 0.5380859375 0.8837890625 0.515625 0.841796875 0.513671875 0.8349609375 0.5146484375 0.828125 0.521484375 0.82421875 0.529296875 0.8251953125
1 0.943359375 0.7822265625 0.95703125 0.8017578125 0.958984375 0.818359375 0.958984375 0.849609375 0.9560546875 0.857421875 0.94921875 0.8642578125 0.9404296875 0.8642578125 0.9375 0.8623046875 0.93359375 0.8427734375 0.9326171875 0.794921875 0.9345703125 0.78515625 0.9384765625 0.78125 0.9423828125 0.7822265625
7 0.759765625 0.8955078125 0.76953125 0.900390625 0.76953125 0.9052734375 0.7646484375 0.908203125 0.716796875 0.9111328125 0.6962890625 0.9091796875 0.6904296875 0.90625 0.6884765625 0.900390625 0.6923828125 0.8916015625 0.703125 0.8837890625 0.716796875 0.8818359375 0.748046875 0.8828125 0.7509765625 0.8837890625 0.7587890625 0.8955078125
0 0.98876953125 0.61474609375 0.0224609375 0.0576171875
6 0.8466796875 0.611328125 0.85546875 0.6259765625 0.857421875 0.6337890625 0.853515625 0.638671875 0.8388671875 0.6416015625 0.826171875 0.6416015625 0.8193359375 0.638671875 0.8173828125 0.6279296875 0.8203125 0.62109375 0.8271484375 0.615234375 0.833984375 0.6123046875 0.845703125 0.611328125
1 0.7197265625 0.5478515625 0.720703125 0.5537109375 0.7060546875 0.5703125 0.671875 0.5791015625 0.65625 0.5791015625 0.650390625 0.5771484375 0.642578125 0.5673828125 0.6435546875 0.5595703125 0.6572265625 0.5537109375 0.6923828125 0.546875 0.71484375 0.5458984375 0.71875 0.5478515625
3 0.6806640625 0.4814453125 0.6865234375 0.4833984375 0.6943359375 0.490234375 0.6943359375 0.4970703125 0.689453125 0.5009765625 0.642578125 0.51953125 0.6337890625 0.51953125 0.630859375 0.5166015625 0.6328125 0.4970703125 0.6572265625 0.484375 0.6796875 0.4814453125
5 0.7890625 0.3974609375 0.8046875 0.38671875 0.8447265625 0.373046875 0.8759765625 0.369140625 0.8779296875 0.375 0.869140625 0.3916015625 0.8564453125 0.4013671875 0.8505859375 0.40234375 0.84765625 0.400390625 0.853515625 0.3916015625 0.853515625 0.38671875 0.849609375 0.3837890625 0.8408203125 0.384765625 0.791015625 0.41015625 0.78515625 0.41015625 0.783203125 0.408203125 0.7841796875 0.4033203125 0.7890625 0.3984375
5 0.806572265625 0.41015625 0.10923828125 0.05126953125