3 0.662109375 0.45703125 0.6708984375 0.462890625 0.6708984375 0.4677734375 0.6611328125 0.4775390625 0.6513671875 0.48046875 0.6337890625 0.4814453125 0.6142578125 0.4814453125 0.6103515625 0.4794921875 0.60546875 0.4736328125 0.60546875 0.46875 0.609375 0.46484375 0.626953125 0.4580078125 0.6611328125 0.45703125
3 0.0947265625 0.2705078125 0.130859375 0.2734375 0.1484375 0.2783203125 0.15234375 0.2822265625 0.15234375 0.287109375 0.1328125 0.2998046875 0.095703125 0.294921875 0.0810546875 0.287109375 0.0771484375 0.28125 0.076171875 0.2734375 0.0810546875 0.2705078125 0.09375 0.2705078125
1 0.525390625 0.2578125 0.533203125 0.263671875 0.533203125 0.275390625 0.529296875 0.2841796875 0.51171875 0.3076171875 0.505859375 0.3125 0.498046875 0.3115234375 0.484375 0.3154296875 0.482421875 0.306640625 0.4873046875 0.296875 0.513671875 0.2646484375 0.51953125 0.259765625 0.5244140625 0.2587890625
5 0.7861328125 0.525390625 0.7958984375 0.52734375 0.8095703125 0.5498046875 0.826171875 0.5888671875 0.8330078125 0.615234375 0.830078125 0.62890625 0.826171875 0.6298828125 0.8046875 0.6123046875 0.79296875 0.595703125 0.783203125 0.57421875 0.779296875 0.55859375 0.7802734375 0.548828125 0.787109375 0.5341796875 0.7861328125 0.5263671875
3 0.7685546875 0.4111328125 0.7763671875 0.41015625 0.79296875 0.41796875 0.8076171875 0.451171875 0.806640625 0.4599609375 0.802734375 0.4658203125 0.798828125 0.46875 0.79296875 0.4677734375 0.771484375 0.435546875 0.7666015625 0.4189453125 0.7685546875 0.412109375
0 0.087890625 0.7734375 0.11328125 0.7861328125 0.126953125 0.7978515625 0.1298828125 0.8076171875 0.1279296875 0.8125 0.1220703125 0.81640625 0.1171875 0.81640625 0.095703125 0.8076171875 0.0634765625 0.7900390625 0.0615234375 0.7861328125 0.0634765625 0.779296875 0.072265625 0.77734375 0.0791015625 0.7724609375 0.0869140625 0.7734375
7 0.76953125 0.767578125 0.8037109375 0.7822265625 0.822265625 0.79296875 0.8291015625 0.7998046875 0.8291015625 0.8046875 0.8125 0.810546875 0.798828125 0.8076171875 0.763671875 0.7890625 0.7578125 0.78125 0.7568359375 0.7705078125 0.7607421875 0.7666015625 0.7685546875 0.767578125
0 0.9052734375 0.634765625 0.91015625 0.63671875 0.912109375 0.640625 0.923828125 0.6767578125 0.9228515625 0.6904296875 0.91796875 0.6962890625 0.9140625 0.697265625 0.91015625 0.6962890625 0.9033203125 0.6884765625 0.8857421875 0.640625 0.88671875 0.6337890625 0.904296875 0.634765625
7 0.423828125 0.7900390625 0.435546875 0.8017578125 0.451171875 0.8369140625 0.453125 0.85546875 0.4501953125 0.861328125 0.4453125 0.861328125 0.4306640625 0.84375 0.4111328125 0.8056640625 0.4111328125 0.7978515625 0.4140625 0.79296875 0.41796875 0.7900390625 0.4228515625 0.7900390625
7 0.65283203125 0.74462890625 0.0693359375 0.0517578125
1 0.552734375 0.376953125 0.580078125 0.3837890625 0.5888671875 0.3896484375 0.58984375 0.3935546875 0.587890625 0.3974609375 0.578125 0.4033203125 0.5537109375 0.4013671875 0.53515625 0.39453125 0.5263671875 0.3857421875 0.525390625 0.3798828125 0.5322265625 0.3759765625 0.5517578125 0.376953125
1 0.96875 0.2958984375 0.9755859375 0.302734375 0.9775390625 0.314453125 0.9736328125 0.326171875 0.966796875 0.3310546875 0.9599609375 0.3271484375 0.953125 0.3173828125 0.94921875 0.306640625 0.95703125 0.298828125 0.9677734375 0.2958984375
1 0.529296875 0.14208984375 0.06640625 0.0458984375
7 0.7158203125 0.59375 0.734375 0.5947265625 0.7353515625 0.6015625 0.7333984375 0.6044921875 0.6767578125 0.6513671875 0.6708984375 0.6513671875 0.6669921875 0.646484375 0.6669921875 0.6357421875 0.669921875 0.62890625 0.6982421875 0.6015625 0.7099609375 0.59375 0.71484375 0.59375
7 0.8447265625 0.3349609375 0.865234375 0.3515625 0.8974609375 0.3837890625 0.900390625 0.3935546875 0.890625 0.400390625 0.8828125 0.400390625 0.8759765625 0.3974609375 0.83984375 0.36328125 0.8369140625 0.3583984375 0.8369140625 0.3486328125 0.8330078125 0.3369140625 0.837890625 0.333984375 0.84375 0.3349609375
0 0.814453125 0.677734375 0.8203125 0.6787109375 0.82421875 0.6826171875 0.82421875 0.6923828125 0.814453125 0.716796875 0.8056640625 0.71484375 0.796875 0.705078125 0.7978515625 0.697265625 0.8046875 0.681640625 0.8134765625 0.677734375
3 0.380859375 0.125 0.384765625 0.1328125 0.38671875 0.14453125 0.3876953125 0.1845703125 0.3857421875 0.1953125 0.3798828125 0.203125 0.3759765625 0.203125 0.373046875 0.2001953125 0.36328125 0.1845703125 0.3642578125 0.138671875 0.373046875 0.1259765625 0.3798828125 0.125
0 0.748046875 0.509765625 0.7548828125 0.5146484375 0.7587890625 0.521484375 0.7578125 0.525390625 0.75390625 0.5283203125 0.703125 0.537109375 0.6865234375 0.537109375 0.6806640625 0.533203125 0.6904296875 0.5244140625 0.6962890625 0.5146484375 0.7314453125 0.5087890625 0.7470703125 0.509765625
0 0.2119140625 0.84765625 0.2412109375 0.8662109375 0.2607421875 0.8837890625 0.2626953125 0.8876953125 0.26171875 0.8935546875 0.2509765625 0.900390625 0.240234375 0.900390625 0.2333984375 0.8974609375 0.205078125 0.8759765625 0.203125 0.8720703125 0.2021484375 0.8505859375 0.2041015625 0.84765625 0.2109375 0.84765625
5 0.677734375 0.251953125 0.6796875 0.2548828125 0.6796875 0.263671875 0.66796875 0.318359375 0.662109375 0.330078125 0.6552734375 0.3359375 0.650390625 0.3349609375 0.6416015625 0.314453125 0.6435546875 0.2841796875 0.6494140625 0.267578125 0.658203125 0.2568359375 0.6708984375 0.2509765625 0.6767578125 0.251953125
3 0.7587890625 0.0859375 0.759765625 0.0927734375 0.7529296875 0.10546875 0.720703125 0.1337890625 0.7060546875 0.142578125 0.69921875 0.1357421875 0.69921875 0.1279296875 0.708984375 0.111328125 0.7333984375 0.0888671875 0.7578125 0.0859375
3 0.50439453125 0.5380859375 0.0478515625 0.07421875
1 0.34765625 0.2880859375 0.3779296875 0.29296875 0.388671875 0.2978515625 0.3916015625 0.302734375 0.390625 0.30859375 0.38671875 0.314453125 0.3798828125 0.3173828125 0.353515625 0.31640625 0.3310546875 0.3115234375 0.318359375 0.2919921875 0.3212890625 0.2890625 0.333984375 0.2861328125 0.3466796875 0.2880859375
1 0.1533203125 0.4521484375 0.16796875 0.458984375 0.1982421875 0.4794921875 0.212890625 0.4931640625 0.2138671875 0.498046875 0.2119140625 0.5009765625 0.2041015625 0.5048828125 0.1943359375 0.50390625 0.1884765625 0.5009765625 0.15234375 0.4765625 0.1455078125 0.4560546875 0.1474609375 0.4521484375 0.15234375 0.4521484375
1 0.341796875 0.3984375 0.3515625 0.4111328125 0.3583984375 0.4423828125 0.3603515625 0.4716796875 0.359375 0.4755859375 0.35546875 0.478515625 0.3447265625 0.4765625 0.3388671875 0.4697265625 0.328125 0.427734375 0.328125 0.4169921875 0.3349609375 0.40625 0.3359375 0.400390625 0.3408203125 0.3984375
1 0.5078125 0.712890625 0.5234375 0.716796875 0.52734375 0.7197265625 0.5263671875 0.7265625 0.521484375 0.73046875 0.4970703125 0.740234375 0.45703125 0.748046875 0.4501953125 0.7451171875 0.451171875 0.7333984375 0.45703125 0.7275390625 0.466796875 0.72265625 0.5068359375 0.712890625
7 0.7373046875 0.8486328125 0.7451171875 0.8564453125 0.7412109375 0.8662109375 0.71484375 0.88671875 0.6953125 0.8994140625 0.685546875 0.9033203125 0.677734375 0.9013671875 0.6826171875 0.8876953125 0.68359375 0.8759765625 0.72265625 0.8486328125 0.736328125 0.8486328125
7 0.533203125 0.83203125 0.576171875 0.8447265625 0.59765625 0.8544921875 0.6005859375 0.8583984375 0.599609375 0.865234375 0.5859375 0.869140625 0.5732421875 0.869140625 0.5498046875 0.86328125 0.525390625 0.8525390625 0.5205078125 0.8447265625 0.5205078125 0.8349609375 0.5244140625 0.8310546875 0.5322265625 0.83203125
7 0.1083984375 0.109375 0.1669921875 0.140625 0.1708984375 0.150390625 0.1650390625 0.1572265625 0.16015625 0.1591796875 0.1435546875 0.1572265625 0.103515625 0.13671875 0.09765625 0.1298828125 0.08984375 0.1083984375 0.091796875 0.1064453125 0.1005859375 0.1064453125 0.107421875 0.109375
7 0.177734375 0.3486328125 0.18359375 0.3544921875 0.1787109375 0.3642578125 0.1494140625 0.388671875 0.126953125 0.400390625 0.1181640625 0.400390625 0.115234375 0.3974609375 0.1162109375 0.3896484375 0.1220703125 0.3779296875 0.158203125 0.3486328125 0.1640625 0.3466796875 0.1767578125 0.3486328125
7 0.400390625 0.6240234375 0.40625 0.6259765625 0.408203125 0.62890625 0.4072265625 0.6337890625 0.4013671875 0.640625 0.3662109375 0.6728515625 0.3486328125 0.6826171875 0.341796875 0.681640625 0.3408203125 0.6796875 0.34765625 0.65625 0.3837890625 0.6259765625 0.3994140625 0.6240234375
7 0.1884765625 0.603515625 0.193359375 0.60546875 0.1943359375 0.6103515625 0.1884765625 0.619140625 0.1865234375 0.6298828125 0.1640625 0.6435546875 0.1416015625 0.654296875 0.130859375 0.654296875 0.1201171875 0.6474609375 0.1181640625 0.64453125 0.119140625 0.640625 0.1259765625 0.634765625 0.146484375 0.625 0.1728515625 0.6083984375 0.1875 0.6044921875
7 0.251953125 0.6865234375 0.2548828125 0.6923828125 0.2548828125 0.69921875 0.248046875 0.7099609375 0.208984375 0.73828125 0.19140625 0.7373046875 0.189453125 0.7353515625 0.19140625 0.7265625 0.203125 0.71484375 0.224609375 0.69921875 0.2431640625 0.6875 0.2509765625 0.6865234375
7 0.8876953125 0.2158203125 0.89453125 0.21875 0.8984375 0.2236328125 0.8974609375 0.2333984375 0.8935546875 0.2373046875 0.884765625 0.240234375 0.8544921875 0.2431640625 0.8291015625 0.2431640625 0.8251953125 0.2412109375 0.822265625 0.2373046875 0.8212890625 0.23046875 0.828125 0.22265625 0.841796875 0.216796875 0.88671875 0.2158203125
7 0.8603515625 0.4697265625 0.8779296875 0.4853515625 0.8818359375 0.5048828125 0.8818359375 0.5322265625 0.8798828125 0.5380859375 0.8701171875 0.5478515625 0.8642578125 0.5478515625 0.859375 0.5400390625 0.8544921875 0.4912109375 0.85546875 0.47265625 0.859375 0.4697265625
7 0.697265625 0.19140625 0.73046875 0.2099609375 0.748046875 0.224609375 0.7509765625 0.23046875 0.748046875 0.236328125 0.7373046875 0.2353515625 0.7314453125 0.2373046875 0.7255859375 0.2373046875 0.712890625 0.23046875 0.6875 0.2119140625 0.68359375 0.205078125 0.68359375 0.1962890625 0.6875 0.19140625 0.6962890625 0.19140625
7 0.5390625 0.64453125 0.55859375 0.650390625 0.5986328125 0.6748046875 0.6044921875 0.681640625 0.6044921875 0.6884765625 0.5986328125 0.6943359375 0.5888671875 0.6943359375 0.568359375 0.685546875 0.5439453125 0.66796875 0.5390625 0.6455078125
1 0.890625 0.8505859375 0.89453125 0.85546875 0.89453125 0.859375 0.869140625 0.8974609375 0.865234375 0.8974609375 0.8544921875 0.890625 0.8505859375 0.88671875 0.8505859375 0.8798828125 0.861328125 0.86328125 0.87109375 0.853515625 0.8798828125 0.849609375 0.8896484375 0.8505859375