0 0.46484375 0.8310546875 0.48046875 0.8212890625 0.48828125 0.8203125 0.490234375 0.822265625 0.4873046875 0.8447265625 0.4765625 0.8564453125 0.4716796875 0.85546875 0.462890625 0.837890625 0.46484375 0.83203125
0 0.919921875 0.150390625 0.9375 0.1611328125 0.9482421875 0.1708984375 0.94921875 0.1787109375 0.9384765625 0.185546875 0.92578125 0.1845703125 0.908203125 0.1748046875 0.9033203125 0.169921875 0.904296875 0.1630859375 0.9111328125 0.15234375 0.9189453125 0.150390625
1 0.85546875 0.7998046875 0.86328125 0.802734375 0.8701171875 0.8125 0.8681640625 0.8203125 0.8564453125 0.82421875 0.8134765625 0.82421875 0.8037109375 0.8212890625 0.7998046875 0.8173828125 0.7998046875 0.810546875 0.8017578125 0.80859375 0.818359375 0.7998046875 0.8544921875 0.7998046875
0 0.1171875 0.6474609375 0.123046875 0.6513671875 0.1220703125 0.6640625 0.1162109375 0.681640625 0.107421875 0.6884765625 0.0986328125 0.6875 0.09375 0.6826171875 0.091796875 0.6767578125 0.0927734375 0.662109375 0.1005859375 0.646484375 0.1162109375 0.6474609375
0 0.4365234375 0.103515625 0.451171875 0.111328125 0.474609375 0.13671875 0.48046875 0.1474609375 0.48046875 0.1552734375 0.4775390625 0.158203125 0.4619140625 0.154296875 0.4521484375 0.154296875 0.431640625 0.1337890625 0.427734375 0.1279296875 0.42578125 0.1162109375 0.4287109375 0.1064453125 0.435546875 0.103515625
0 0.5859375 0.33935546875 0.04296875 0.0302734375
7 0.224609375 0.20703125 0.23046875 0.2119140625 0.23046875 0.21875 0.224609375 0.23046875 0.1923828125 0.2685546875 0.1845703125 0.2734375 0.1787109375 0.2734375 0.1728515625 0.2685546875 0.171875 0.2646484375 0.1748046875 0.2529296875 0.19921875 0.220703125 0.2099609375 0.2099609375 0.2197265625 0.2060546875 0.2236328125 0.20703125
0 0.29736328125 0.6806640625 0.0302734375 0.033203125
0 0.7734375 0.4599609375 0.779296875 0.47265625 0.7822265625 0.5009765625 0.78125 0.5166015625 0.7763671875 0.51953125 0.759765625 0.51953125 0.755859375 0.513671875 0.7548828125 0.4736328125 0.76171875 0.4619140625 0.7685546875 0.458984375 0.7724609375 0.4599609375
1 0.1083984375 0.35546875 0.142578125 0.3623046875 0.150390625 0.3662109375 0.1572265625 0.3779296875 0.15625 0.384765625 0.1513671875 0.3876953125 0.134765625 0.38671875 0.0986328125 0.3779296875 0.091796875 0.369140625 0.0908203125 0.3623046875 0.1025390625 0.35546875 0.107421875 0.35546875
0 0.4580078125 0.248046875 0.4912109375 0.25390625 0.49609375 0.2578125 0.4921875 0.2724609375 0.484375 0.279296875 0.4501953125 0.2744140625 0.4345703125 0.267578125 0.4287109375 0.2578125 0.4287109375 0.2509765625 0.431640625 0.248046875 0.4384765625 0.24609375 0.45703125 0.248046875
0 0.6982421875 0.8525390625 0.724609375 0.8837890625 0.7265625 0.8935546875 0.7216796875 0.8974609375 0.7099609375 0.8974609375 0.7021484375 0.8935546875 0.6806640625 0.8701171875 0.6806640625 0.86328125 0.6923828125 0.8525390625 0.697265625 0.8525390625
3 0.685546875 0.6396484375 0.69921875 0.6494140625 0.69921875 0.654296875 0.6689453125 0.6865234375 0.6640625 0.6865234375 0.66015625 0.6826171875 0.658203125 0.6767578125 0.6591796875 0.6669921875 0.673828125 0.6474609375 0.681640625 0.6396484375 0.6845703125 0.6396484375
0 0.67626953125 0.4931640625 0.0380859375 0.052734375
3 0.59375 0.2197265625 0.607421875 0.2294921875 0.6142578125 0.25390625 0.615234375 0.27734375 0.6123046875 0.2822265625 0.60546875 0.2841796875 0.599609375 0.2822265625 0.59375 0.275390625 0.5859375 0.244140625 0.5859375 0.2255859375 0.587890625 0.220703125 0.5927734375 0.2197265625
3 0.1396484375 0.462890625 0.1474609375 0.458984375 0.1572265625 0.4599609375 0.15625 0.4833984375 0.1435546875 0.4970703125 0.123046875 0.513671875 0.1123046875 0.517578125 0.103515625 0.515625 0.099609375 0.51171875 0.099609375 0.505859375 0.10546875 0.49609375 0.1396484375 0.4638671875
3 0.2890625 0.2939453125 0.294921875 0.2958984375 0.302734375 0.302734375 0.3154296875 0.337890625 0.3154296875 0.345703125 0.3076171875 0.3642578125 0.302734375 0.3642578125 0.2978515625 0.3583984375 0.28125 0.314453125 0.279296875 0.2958984375 0.28125 0.2939453125 0.2880859375 0.2939453125
3 0.0849609375 0.22265625 0.095703125 0.2265625 0.0966796875 0.2333984375 0.09375 0.240234375 0.0830078125 0.2470703125 0.06640625 0.2490234375 0.0341796875 0.248046875 0.025390625 0.2392578125 0.015625 0.234375 0.0146484375 0.23046875 0.0224609375 0.2255859375 0.037109375 0.22265625 0.083984375 0.22265625
3 0.41796875 0.6142578125 0.439453125 0.6171875 0.453125 0.6240234375 0.453125 0.62890625 0.4482421875 0.6328125 0.43359375 0.6357421875 0.412109375 0.6357421875 0.396484375 0.6318359375 0.3955078125 0.6259765625 0.3984375 0.615234375 0.4169921875 0.6142578125
3 0.8916015625 0.51953125 0.90625 0.5283203125 0.90625 0.533203125 0.8935546875 0.541015625 0.884765625 0.541015625 0.87890625 0.537109375 0.87890625 0.53125 0.8828125 0.5224609375 0.8857421875 0.51953125 0.890625 0.51953125
1 0.2587890625 0.1220703125 0.3037109375 0.1376953125 0.30859375 0.1435546875 0.3095703125 0.150390625 0.30078125 0.1611328125 0.29296875 0.1611328125 0.2802734375 0.1572265625 0.251953125 0.14453125 0.24609375 0.1357421875 0.2470703125 0.126953125 0.2509765625 0.1220703125 0.2578125 0.1220703125
1 0.140625 0.134765625 0.1513671875 0.1337890625 0.162109375 0.140625 0.1787109375 0.1748046875 0.1748046875 0.1806640625 0.1650390625 0.1845703125 0.158203125 0.1845703125 0.154296875 0.1806640625 0.1416015625 0.150390625 0.140625 0.1357421875
1 0.4423828125 0.34765625 0.4462890625 0.3505859375 0.447265625 0.361328125 0.4375 0.400390625 0.4296875 0.416015625 0.4267578125 0.4189453125 0.421875 0.4189453125 0.4169921875 0.4140625 0.4150390625 0.41015625 0.4150390625 0.3955078125 0.42578125 0.359375 0.4384765625 0.3486328125 0.44140625 0.3486328125
7 0.3388671875 0.47265625 0.341796875 0.474609375 0.3447265625 0.484375 0.3466796875 0.5185546875 0.3466796875 0.5517578125 0.3427734375 0.55859375 0.33203125 0.556640625 0.326171875 0.55078125 0.3232421875 0.541015625 0.322265625 0.49609375 0.3330078125 0.4755859375 0.337890625 0.47265625
7 0.216796875 0.5498046875 0.2216796875 0.5537109375 0.2236328125 0.55859375 0.2294921875 0.5986328125 0.2294921875 0.615234375 0.228515625 0.619140625 0.2236328125 0.623046875 0.2158203125 0.6220703125 0.2080078125 0.615234375 0.203125 0.6025390625 0.19921875 0.580078125 0.2001953125 0.5615234375 0.208984375 0.5517578125 0.2158203125 0.5498046875
1 0.5654296875 0.484375 0.5732421875 0.48828125 0.5771484375 0.4931640625 0.578125 0.51171875 0.572265625 0.5390625 0.5634765625 0.5478515625 0.556640625 0.5478515625 0.5458984375 0.5439453125 0.5439453125 0.5419921875 0.5439453125 0.5302734375 0.5517578125 0.494140625 0.556640625 0.486328125 0.564453125 0.484375
7 0.7744140625 0.2919921875 0.779296875 0.2978515625 0.7783203125 0.310546875 0.76171875 0.328125 0.7373046875 0.34765625 0.7158203125 0.3466796875 0.7119140625 0.3447265625 0.7119140625 0.341796875 0.7578125 0.2958984375 0.765625 0.291015625 0.7734375 0.2919921875
7 0.8642578125 0.2333984375 0.8681640625 0.2373046875 0.880859375 0.2421875 0.88671875 0.2607421875 0.8916015625 0.294921875 0.8876953125 0.3037109375 0.880859375 0.3076171875 0.8720703125 0.3076171875 0.8681640625 0.3037109375 0.85546875 0.255859375 0.853515625 0.2373046875 0.857421875 0.232421875 0.86328125 0.2333984375
7 0.9150390625 0.3955078125 0.9423828125 0.400390625 0.9619140625 0.41015625 0.96484375 0.4140625 0.9658203125 0.4208984375 0.962890625 0.42578125 0.955078125 0.427734375 0.8994140625 0.41796875 0.8837890625 0.4111328125 0.8828125 0.4072265625 0.8857421875 0.4033203125 0.90625 0.39453125 0.9140625 0.3955078125
1 0.70703125 0.1728515625 0.755859375 0.1884765625 0.7587890625 0.1923828125 0.7587890625 0.19921875 0.744140625 0.2099609375 0.7158203125 0.203125 0.7001953125 0.1953125 0.6943359375 0.1884765625 0.693359375 0.1748046875 0.6982421875 0.171875 0.7060546875 0.1728515625
7 0.806640625 0.6611328125 0.8134765625 0.6640625 0.8203125 0.6708984375 0.8388671875 0.70703125 0.83984375 0.7158203125 0.8369140625 0.73046875 0.833984375 0.734375 0.828125 0.7333984375 0.81640625 0.7197265625 0.79296875 0.6748046875 0.794921875 0.6650390625 0.80078125 0.6611328125 0.8056640625 0.6611328125
7 0.54296875 0.6474609375 0.5517578125 0.6474609375 0.5693359375 0.6572265625 0.5927734375 0.6748046875 0.60546875 0.689453125 0.60546875 0.6943359375 0.6015625 0.697265625 0.587890625 0.697265625 0.5537109375 0.67578125 0.546875 0.669921875 0.54296875 0.6484375
7 0.939453125 0.66796875 0.94921875 0.6728515625 0.94921875 0.681640625 0.9423828125 0.6904296875 0.9296875 0.6962890625 0.8974609375 0.705078125 0.8798828125 0.7021484375 0.8759765625 0.6982421875 0.8759765625 0.693359375 0.880859375 0.6875 0.896484375 0.677734375 0.91796875 0.6708984375 0.9384765625 0.66796875
7 0.1689453125 0.84375 0.173828125 0.8486328125 0.173828125 0.85546875 0.169921875 0.859375 0.1318359375 0.8759765625 0.107421875 0.8818359375 0.1015625 0.880859375 0.1015625 0.8759765625 0.119140625 0.857421875 0.1474609375 0.8447265625 0.15625 0.8427734375 0.16796875 0.84375
1 0.400390625 0.748046875 0.4072265625 0.7548828125 0.4072265625 0.76171875 0.400390625 0.767578125 0.365234375 0.779296875 0.3486328125 0.7822265625 0.337890625 0.78125 0.333984375 0.77734375 0.3349609375 0.7734375 0.3486328125 0.7568359375 0.3896484375 0.7470703125 0.3994140625 0.748046875
7 0.65234375 0.7802734375 0.662109375 0.7861328125 0.6630859375 0.79296875 0.6611328125 0.7958984375 0.6494140625 0.802734375 0.6015625 0.822265625 0.591796875 0.822265625 0.58984375 0.8203125 0.58984375 0.81640625 0.6015625 0.796875 0.6318359375 0.783203125 0.640625 0.7802734375 0.6513671875 0.7802734375
1 0.32421875 0.8251953125 0.3359375 0.833984375 0.3564453125 0.85546875 0.357421875 0.8623046875 0.35546875 0.8681640625 0.3466796875 0.8740234375 0.33984375 0.8740234375 0.333984375 0.8701171875 0.31640625 0.853515625 0.310546875 0.8427734375 0.310546875 0.830078125 0.3173828125 0.82421875 0.3232421875 0.8251953125