0 0.521484375 0.79296875 0.5205078125 0.7802734375 0.5234375 0.7685546875 0.5283203125 0.7607421875 0.53515625 0.7568359375 0.5400390625 0.7568359375 0.5439453125 0.763671875 0.5458984375 0.775390625 0.544921875 0.7919921875 0.541015625 0.794921875 0.5224609375 0.79296875
0 0.2548828125 0.517578125 0.275390625 0.5224609375 0.2841796875 0.529296875 0.2841796875 0.5400390625 0.275390625 0.5458984375 0.259765625 0.5458984375 0.2265625 0.53515625 0.2265625 0.5263671875 0.2373046875 0.5185546875 0.25390625 0.517578125
0 0.4873046875 0.5498046875 0.50390625 0.5634765625 0.5029296875 0.568359375 0.4912109375 0.583984375 0.482421875 0.591796875 0.4755859375 0.5947265625 0.462890625 0.5927734375 0.4609375 0.5888671875 0.4658203125 0.5771484375 0.486328125 0.55078125
0 0.439453125 0.267578125 0.4423828125 0.26953125 0.4443359375 0.275390625 0.4423828125 0.2802734375 0.435546875 0.2919921875 0.423828125 0.2958984375 0.4169921875 0.2958984375 0.4140625 0.29296875 0.4111328125 0.2841796875 0.4111328125 0.2724609375 0.41796875 0.26953125 0.4384765625 0.267578125
0 0.3486328125 0.7890625 0.3642578125 0.796875 0.3671875 0.8037109375 0.36328125 0.810546875 0.359375 0.814453125 0.34375 0.8203125 0.333984375 0.8212890625 0.3310546875 0.818359375 0.3349609375 0.8037109375 0.341796875 0.7939453125 0.34765625 0.7900390625
0 0.8291015625 0.3662109375 0.8349609375 0.3720703125 0.8388671875 0.3857421875 0.8271484375 0.3935546875 0.8173828125 0.3955078125 0.810546875 0.39453125 0.806640625 0.3916015625 0.8046875 0.3857421875 0.806640625 0.375 0.81640625 0.3681640625 0.828125 0.3662109375
0 0.3212890625 0.1474609375 0.3408203125 0.154296875 0.3447265625 0.158203125 0.3388671875 0.1728515625 0.3330078125 0.1787109375 0.326171875 0.181640625 0.318359375 0.181640625 0.3134765625 0.17578125 0.314453125 0.154296875 0.31640625 0.1484375 0.3203125 0.1474609375
0 0.734375 0.5947265625 0.740234375 0.5966796875 0.740234375 0.6083984375 0.7373046875 0.619140625 0.7353515625 0.6201171875 0.7109375 0.615234375 0.6962890625 0.6083984375 0.6962890625 0.603515625 0.703125 0.5947265625 0.708984375 0.5927734375 0.7333984375 0.5947265625
0 0.2265625 0.7861328125 0.23828125 0.7734375 0.2568359375 0.7685546875 0.26171875 0.7705078125 0.265625 0.7861328125 0.265625 0.7900390625 0.2626953125 0.79296875 0.2412109375 0.7978515625 0.232421875 0.7978515625 0.224609375 0.794921875 0.2236328125 0.7900390625 0.2265625 0.787109375
6 0.4296875 0.1259765625 0.443359375 0.1328125 0.451171875 0.150390625 0.455078125 0.1904296875 0.447265625 0.19921875 0.4423828125 0.2099609375 0.4365234375 0.208984375 0.4296875 0.19921875 0.4228515625 0.169921875 0.419921875 0.13671875 0.4228515625 0.12890625 0.4287109375 0.1259765625
7 0.103515625 0.1103515625 0.1083984375 0.1162109375 0.11328125 0.12890625 0.1201171875 0.1611328125 0.1201171875 0.1806640625 0.11328125 0.1875 0.1044921875 0.1865234375 0.0986328125 0.181640625 0.091796875 0.166015625 0.087890625 0.1484375 0.087890625 0.123046875 0.0947265625 0.109375 0.0986328125 0.1083984375 0.1025390625 0.1103515625
1 0.681640625 0.13671875 0.720703125 0.1513671875 0.7255859375 0.16015625 0.7255859375 0.16796875 0.71875 0.173828125 0.67578125 0.1611328125 0.6611328125 0.154296875 0.658203125 0.1474609375 0.6650390625 0.138671875 0.6806640625 0.13671875
1 0.279296875 0.2998046875 0.2900390625 0.3076171875 0.3046875 0.3271484375 0.3056640625 0.3388671875 0.2998046875 0.3466796875 0.2890625 0.3427734375 0.26171875 0.3134765625 0.2646484375 0.306640625 0.2783203125 0.2998046875
2 0.5390625 0.1650390625 0.5380859375 0.14453125 0.5400390625 0.126953125 0.5439453125 0.1171875 0.5546875 0.109375 0.560546875 0.1103515625 0.5634765625 0.119140625 0.5595703125 0.1650390625 0.5556640625 0.169921875 0.5498046875 0.169921875 0.5400390625 0.1650390625
3 0.1767578125 0.2275390625 0.18359375 0.234375 0.1796875 0.248046875 0.1572265625 0.2841796875 0.14453125 0.296875 0.13671875 0.294921875 0.1318359375 0.287109375 0.1337890625 0.271484375 0.15234375 0.240234375 0.158203125 0.234375 0.17578125 0.2275390625
1 0.53125 0.3388671875 0.5361328125 0.3427734375 0.537109375 0.3466796875 0.5361328125 0.3525390625 0.5322265625 0.357421875 0.5166015625 0.3642578125 0.490234375 0.37109375 0.4814453125 0.3701171875 0.4697265625 0.3583984375 0.4716796875 0.3505859375 0.5166015625 0.337890625 0.5302734375 0.3388671875
2 0.587890625 0.30078125 0.6396484375 0.3134765625 0.6435546875 0.31640625 0.6455078125 0.32421875 0.6396484375 0.3310546875 0.6318359375 0.3330078125 0.6005859375 0.328125 0.5771484375 0.3173828125 0.5693359375 0.3095703125 0.5703125 0.3037109375 0.57421875 0.30078125 0.5869140625 0.30078125
3 0.78662109375 0.33544921875 0.0654296875 0.0654296875
3 0.66796875 0.3984375 0.7099609375 0.4384765625 0.7099609375 0.4443359375 0.705078125 0.44921875 0.6962890625 0.453125 0.689453125 0.4521484375 0.6640625 0.423828125 0.6591796875 0.4130859375 0.6591796875 0.404296875 0.6630859375 0.3974609375 0.6669921875 0.3984375
0 0.791015625 0.451171875 0.8037109375 0.4619140625 0.8134765625 0.478515625 0.8115234375 0.4833984375 0.8046875 0.4853515625 0.794921875 0.4853515625 0.7880859375 0.474609375 0.7841796875 0.453125 0.7861328125 0.4501953125 0.7900390625 0.451171875
4 0.9052734375 0.3095703125 0.916015625 0.3291015625 0.916015625 0.3349609375 0.912109375 0.3388671875 0.90234375 0.3349609375 0.8896484375 0.3212890625 0.8896484375 0.3173828125 0.89453125 0.3125 0.904296875 0.3095703125
2 0.44921875 0.431640625 0.4521484375 0.435546875 0.451171875 0.4453125 0.4423828125 0.453125 0.4267578125 0.4599609375 0.41796875 0.458984375 0.4150390625 0.4560546875 0.4150390625 0.4501953125 0.4375 0.4345703125 0.4482421875 0.431640625
7 0.1611328125 0.3994140625 0.2099609375 0.4140625 0.2197265625 0.423828125 0.220703125 0.4326171875 0.2177734375 0.435546875 0.2001953125 0.4345703125 0.15234375 0.4189453125 0.140625 0.41015625 0.1396484375 0.404296875 0.1494140625 0.400390625 0.16015625 0.3994140625
7 0.0966796875 0.466796875 0.1015625 0.470703125 0.1015625 0.4873046875 0.0791015625 0.5146484375 0.064453125 0.525390625 0.0537109375 0.525390625 0.0498046875 0.5234375 0.046875 0.5185546875 0.0478515625 0.5146484375 0.0771484375 0.4765625 0.087890625 0.4658203125 0.095703125 0.466796875
7 0.1826171875 0.64453125 0.1875 0.65234375 0.1875 0.6630859375 0.18359375 0.669921875 0.15625 0.697265625 0.1396484375 0.7001953125 0.1279296875 0.6982421875 0.1279296875 0.6923828125 0.1328125 0.68359375 0.1611328125 0.654296875 0.173828125 0.6455078125 0.181640625 0.64453125
3 0.26171875 0.6279296875 0.265625 0.626953125 0.2783203125 0.6318359375 0.2861328125 0.6318359375 0.3076171875 0.6591796875 0.3154296875 0.673828125 0.3134765625 0.6884765625 0.306640625 0.6943359375 0.302734375 0.693359375 0.2646484375 0.6455078125 0.259765625 0.6328125 0.26171875 0.62890625
7 0.958984375 0.517578125 0.970703125 0.525390625 0.9921875 0.5693359375 0.9921875 0.5830078125 0.98828125 0.5966796875 0.982421875 0.5966796875 0.9755859375 0.5908203125 0.9462890625 0.53515625 0.9453125 0.521484375 0.94921875 0.517578125 0.9580078125 0.517578125
1 0.9287109375 0.4189453125 0.9599609375 0.4248046875 0.9736328125 0.4306640625 0.9775390625 0.435546875 0.9765625 0.4453125 0.96875 0.451171875 0.9443359375 0.44921875 0.9208984375 0.4423828125 0.9072265625 0.435546875 0.904296875 0.4326171875 0.904296875 0.4267578125 0.91015625 0.419921875 0.916015625 0.41796875 0.927734375 0.4189453125
7 0.85791015625 0.5625 0.0751953125 0.041015625
7 0.646484375 0.6826171875 0.65625 0.6875 0.689453125 0.7216796875 0.693359375 0.740234375 0.693359375 0.7470703125 0.69140625 0.7490234375 0.685546875 0.748046875 0.671875 0.73828125 0.6357421875 0.7021484375 0.6318359375 0.6943359375 0.6318359375 0.6884765625 0.638671875 0.6826171875 0.6455078125 0.6826171875
7 0.6259765625 0.5390625 0.6328125 0.54296875 0.634765625 0.5517578125 0.6220703125 0.5791015625 0.6123046875 0.59375 0.60546875 0.6005859375 0.5966796875 0.6015625 0.5947265625 0.5986328125 0.5947265625 0.578125 0.6083984375 0.55078125 0.619140625 0.541015625 0.625 0.5400390625
7 0.470703125 0.853515625 0.474609375 0.85546875 0.4775390625 0.8623046875 0.4775390625 0.888671875 0.474609375 0.9228515625 0.4697265625 0.93359375 0.4609375 0.9296875 0.4521484375 0.91796875 0.4501953125 0.89453125 0.4541015625 0.8662109375 0.4619140625 0.85546875 0.4697265625 0.853515625
7 0.130859375 0.8330078125 0.140625 0.837890625 0.181640625 0.8505859375 0.181640625 0.8583984375 0.1708984375 0.8662109375 0.1572265625 0.8662109375 0.126953125 0.8564453125 0.1181640625 0.845703125 0.115234375 0.837890625 0.1201171875 0.83203125 0.1298828125 0.8330078125
7 0.7509765625 0.837890625 0.7783203125 0.8193359375 0.8017578125 0.818359375 0.8037109375 0.8203125 0.8037109375 0.8271484375 0.7958984375 0.8369140625 0.7470703125 0.873046875 0.736328125 0.873046875 0.732421875 0.8662109375 0.732421875 0.8603515625 0.736328125 0.8515625 0.7509765625 0.8388671875
7 0.6123046875 0.8447265625 0.6240234375 0.85546875 0.6435546875 0.8828125 0.6484375 0.8935546875 0.646484375 0.9072265625 0.6376953125 0.9091796875 0.6328125 0.90625 0.6123046875 0.87890625 0.607421875 0.8671875 0.6083984375 0.84765625 0.611328125 0.845703125
3 0.8603515625 0.7626953125 0.8681640625 0.765625 0.876953125 0.7724609375 0.8974609375 0.794921875 0.900390625 0.814453125 0.8955078125 0.82421875 0.890625 0.82421875 0.8828125 0.8193359375 0.8515625 0.78125 0.8486328125 0.7685546875 0.8525390625 0.763671875 0.859375 0.7626953125
3 0.8515625 0.6337890625 0.857421875 0.63671875 0.8583984375 0.642578125 0.84765625 0.6572265625 0.810546875 0.666015625 0.80078125 0.6650390625 0.796875 0.6611328125 0.7939453125 0.654296875 0.7978515625 0.6474609375 0.8291015625 0.63671875 0.8505859375 0.6337890625
6 0.443359375 0.6826171875 0.4501953125 0.6884765625 0.453125 0.6953125 0.453125 0.7197265625 0.4501953125 0.7265625 0.4345703125 0.7421875 0.431640625 0.7421875 0.4248046875 0.7333984375 0.4248046875 0.6982421875 0.431640625 0.68359375 0.4375 0.6806640625 0.4423828125 0.6826171875
1 0.7548828125 0.2109375 0.759765625 0.216796875 0.7568359375 0.2373046875 0.7412109375 0.2724609375 0.734375 0.279296875 0.73046875 0.2802734375 0.7236328125 0.27734375 0.720703125 0.2724609375 0.7216796875 0.2568359375 0.73046875 0.228515625 0.7373046875 0.2177734375 0.75390625 0.2109375
3 0.8720703125 0.1689453125 0.896484375 0.1826171875 0.91015625 0.1962890625 0.9140625 0.2060546875 0.9111328125 0.2109375 0.9052734375 0.212890625 0.88671875 0.2080078125 0.8486328125 0.1875 0.83984375 0.1806640625 0.837890625 0.1728515625 0.845703125 0.166015625 0.857421875 0.1650390625 0.87109375 0.1689453125