0 0.7021484375 0.3056640625 0.70703125 0.3076171875 0.716796875 0.3193359375 0.73046875 0.353515625 0.73046875 0.3603515625 0.7255859375 0.3662109375 0.7236328125 0.3759765625 0.720703125 0.37890625 0.716796875 0.37890625 0.7080078125 0.3681640625 0.693359375 0.3251953125 0.6923828125 0.310546875 0.6962890625 0.306640625 0.701171875 0.3056640625
0 0.685546875 0.4443359375 0.689453125 0.4462890625 0.6904296875 0.453125 0.68359375 0.4658203125 0.6552734375 0.498046875 0.6376953125 0.509765625 0.630859375 0.5078125 0.634765625 0.482421875 0.6650390625 0.4501953125 0.67578125 0.4443359375 0.6845703125 0.4443359375
0 0.5517578125 0.3466796875 0.55859375 0.3544921875 0.5576171875 0.36328125 0.552734375 0.3681640625 0.521484375 0.373046875 0.4912109375 0.3701171875 0.484375 0.365234375 0.484375 0.359375 0.4921875 0.35546875 0.5 0.34765625 0.505859375 0.345703125 0.55078125 0.3466796875
0 0.3173828125 0.515625 0.330078125 0.5234375 0.3291015625 0.5283203125 0.2978515625 0.55078125 0.283203125 0.5576171875 0.271484375 0.5556640625 0.2685546875 0.5498046875 0.2705078125 0.5439453125 0.2861328125 0.529296875 0.3095703125 0.515625 0.31640625 0.515625
7 0.603515625 0.6328125 0.6083984375 0.63671875 0.6123046875 0.64453125 0.6171875 0.6806640625 0.6171875 0.6943359375 0.60546875 0.7138671875 0.6005859375 0.712890625 0.5947265625 0.7001953125 0.587890625 0.6513671875 0.5908203125 0.6357421875 0.5966796875 0.6328125 0.6025390625 0.6328125
0 0.4296875 0.4462890625 0.439453125 0.4501953125 0.451171875 0.451171875 0.4736328125 0.4794921875 0.4775390625 0.486328125 0.4775390625 0.5 0.4716796875 0.509765625 0.462890625 0.5078125 0.4345703125 0.4736328125 0.423828125 0.453125 0.4248046875 0.447265625 0.4287109375 0.4462890625
3 0.658203125 0.5537109375 0.681640625 0.5673828125 0.7138671875 0.591796875 0.71484375 0.5986328125 0.712890625 0.6005859375 0.6962890625 0.6044921875 0.69140625 0.6044921875 0.6787109375 0.5986328125 0.65234375 0.578125 0.6474609375 0.5693359375 0.6474609375 0.560546875 0.650390625 0.5556640625 0.6572265625 0.5537109375
0 0.8779296875 0.4619140625 0.8837890625 0.4677734375 0.8857421875 0.4814453125 0.8818359375 0.4873046875 0.875 0.48828125 0.8564453125 0.4873046875 0.85546875 0.4697265625 0.861328125 0.462890625 0.876953125 0.4619140625
0 0.9521484375 0.3251953125 0.9697265625 0.337890625 0.978515625 0.3720703125 0.9775390625 0.39453125 0.9736328125 0.400390625 0.96484375 0.4052734375 0.9609375 0.404296875 0.9560546875 0.396484375 0.9443359375 0.349609375 0.9443359375 0.330078125 0.9482421875 0.3251953125 0.951171875 0.3251953125
7 0.5712890625 0.4892578125 0.576171875 0.4951171875 0.5771484375 0.501953125 0.5673828125 0.5244140625 0.54296875 0.5517578125 0.53125 0.552734375 0.5244140625 0.5556640625 0.521484375 0.5556640625 0.5185546875 0.5498046875 0.52734375 0.5322265625 0.556640625 0.498046875 0.5634765625 0.4912109375 0.5703125 0.4892578125
0 0.755859375 0.734375 0.759765625 0.740234375 0.7626953125 0.755859375 0.7490234375 0.76171875 0.734375 0.7607421875 0.732421875 0.7412109375 0.7392578125 0.7373046875 0.7548828125 0.734375
4 0.3701171875 0.6005859375 0.38671875 0.607421875 0.388671875 0.6357421875 0.3935546875 0.6572265625 0.3837890625 0.6708984375 0.3759765625 0.67578125 0.3623046875 0.69140625 0.3564453125 0.689453125 0.3408203125 0.669921875 0.3369140625 0.65234375 0.33984375 0.640625 0.341796875 0.60546875 0.3505859375 0.6015625 0.369140625 0.6005859375
6 0.884765625 0.5537109375 0.890625 0.5556640625 0.89453125 0.560546875 0.8916015625 0.5712890625 0.8828125 0.5849609375 0.869140625 0.599609375 0.859375 0.6064453125 0.8525390625 0.6064453125 0.849609375 0.603515625 0.849609375 0.58203125 0.85546875 0.5712890625 0.8662109375 0.55859375 0.873046875 0.5546875 0.8837890625 0.5537109375
3 0.5927734375 0.7900390625 0.60546875 0.7958984375 0.6044921875 0.8037109375 0.5947265625 0.8134765625 0.5791015625 0.81640625 0.55078125 0.81640625 0.541015625 0.814453125 0.525390625 0.794921875 0.53515625 0.7890625 0.591796875 0.7900390625
7 0.0888671875 0.162109375 0.0947265625 0.1669921875 0.0947265625 0.1728515625 0.091796875 0.1787109375 0.0595703125 0.21484375 0.0439453125 0.22265625 0.0380859375 0.2216796875 0.03515625 0.2177734375 0.0380859375 0.20703125 0.0703125 0.169921875 0.080078125 0.1630859375 0.087890625 0.162109375
7 0.224609375 0.3134765625 0.228515625 0.31640625 0.228515625 0.3212890625 0.2216796875 0.3291015625 0.205078125 0.3388671875 0.16796875 0.35546875 0.1630859375 0.35546875 0.1591796875 0.3515625 0.1591796875 0.3408203125 0.1728515625 0.3271484375 0.2021484375 0.3125 0.2236328125 0.3134765625
7 0.216796875 0.208984375 0.224609375 0.212890625 0.240234375 0.236328125 0.2548828125 0.267578125 0.2568359375 0.275390625 0.255859375 0.2841796875 0.251953125 0.287109375 0.248046875 0.2861328125 0.2421875 0.2802734375 0.23046875 0.275390625 0.208984375 0.2275390625 0.2099609375 0.2138671875 0.2158203125 0.2099609375
7 0.2763671875 0.06640625 0.3037109375 0.0673828125 0.3203125 0.0703125 0.3251953125 0.07421875 0.326171875 0.0810546875 0.31640625 0.087890625 0.3076171875 0.0908203125 0.275390625 0.0927734375 0.26171875 0.08984375 0.2490234375 0.078125 0.2490234375 0.0732421875 0.255859375 0.068359375 0.275390625 0.06640625
7 0.64453125 0.09375 0.658203125 0.1025390625 0.662109375 0.1083984375 0.6611328125 0.1142578125 0.64453125 0.119140625 0.607421875 0.1240234375 0.58984375 0.1240234375 0.5830078125 0.1201171875 0.5830078125 0.11328125 0.5966796875 0.0986328125 0.6298828125 0.0927734375 0.6435546875 0.09375
1 0.4296875 0.201171875 0.4345703125 0.20703125 0.43359375 0.228515625 0.419921875 0.25390625 0.41015625 0.2646484375 0.404296875 0.267578125 0.3984375 0.267578125 0.396484375 0.265625 0.3974609375 0.251953125 0.4140625 0.21875 0.4287109375 0.201171875
7 0.6845703125 0.1943359375 0.7255859375 0.208984375 0.7431640625 0.2197265625 0.7431640625 0.2275390625 0.720703125 0.232421875 0.6884765625 0.2197265625 0.6708984375 0.2060546875 0.6669921875 0.19921875 0.6689453125 0.1923828125 0.68359375 0.1943359375
7 0.5009765625 0.15234375 0.5185546875 0.16015625 0.5322265625 0.18359375 0.537109375 0.197265625 0.537109375 0.2060546875 0.5341796875 0.2119140625 0.52734375 0.2177734375 0.5205078125 0.2177734375 0.5146484375 0.212890625 0.5009765625 0.1884765625 0.494140625 0.16796875 0.494140625 0.15625 0.4970703125 0.15234375 0.5 0.15234375
1 0.8818359375 0.16015625 0.8955078125 0.1669921875 0.91796875 0.1962890625 0.919921875 0.2060546875 0.9189453125 0.21484375 0.916015625 0.2216796875 0.9111328125 0.224609375 0.9013671875 0.2197265625 0.892578125 0.2109375 0.8759765625 0.1904296875 0.8662109375 0.173828125 0.8662109375 0.1650390625 0.8701171875 0.1611328125 0.880859375 0.16015625
1 0.826171875 0.287109375 0.87109375 0.3134765625 0.8701171875 0.3203125 0.859375 0.3271484375 0.8349609375 0.3203125 0.8134765625 0.3046875 0.810546875 0.2978515625 0.8125 0.28515625 0.818359375 0.2841796875 0.8251953125 0.287109375
1 0.3330078125 0.3798828125 0.3583984375 0.3837890625 0.3681640625 0.388671875 0.373046875 0.3955078125 0.373046875 0.400390625 0.36328125 0.40625 0.3251953125 0.40625 0.3056640625 0.4013671875 0.3017578125 0.3935546875 0.314453125 0.3818359375 0.3173828125 0.3798828125 0.33203125 0.3798828125
1 0.11328125 0.4384765625 0.1220703125 0.4375 0.140625 0.4443359375 0.1708984375 0.478515625 0.1767578125 0.490234375 0.1767578125 0.498046875 0.173828125 0.5029296875 0.1669921875 0.5048828125 0.1611328125 0.501953125 0.1328125 0.474609375 0.1181640625 0.4560546875 0.11328125 0.4453125 0.11328125 0.439453125
1 0.763671875 0.4716796875 0.7734375 0.4736328125 0.77734375 0.4765625 0.7880859375 0.5048828125 0.7890625 0.5224609375 0.7822265625 0.5302734375 0.7763671875 0.5302734375 0.76953125 0.525390625 0.75390625 0.4873046875 0.751953125 0.4736328125 0.7568359375 0.470703125 0.7626953125 0.4716796875
1 0.478515625 0.7001953125 0.484375 0.7060546875 0.4833984375 0.7197265625 0.4638671875 0.744140625 0.4501953125 0.75390625 0.431640625 0.7509765625 0.4306640625 0.74609375 0.43359375 0.7392578125 0.4638671875 0.7060546875 0.47265625 0.7001953125 0.4775390625 0.7001953125
7 0.916015625 0.72265625 0.9326171875 0.728515625 0.9375 0.736328125 0.9375 0.744140625 0.93359375 0.7470703125 0.9140625 0.75 0.8662109375 0.748046875 0.853515625 0.744140625 0.8505859375 0.73828125 0.861328125 0.732421875 0.87109375 0.72265625 0.9150390625 0.72265625
7 0.837890625 0.8154296875 0.8427734375 0.8173828125 0.8505859375 0.828125 0.8544921875 0.8623046875 0.853515625 0.8779296875 0.8388671875 0.8974609375 0.833984375 0.896484375 0.828125 0.8876953125 0.826171875 0.85546875 0.8271484375 0.8232421875 0.8310546875 0.81640625 0.8369140625 0.8154296875
1 0.7216796875 0.8125 0.7265625 0.8173828125 0.7333984375 0.83203125 0.7333984375 0.8515625 0.728515625 0.8779296875 0.7236328125 0.8857421875 0.7177734375 0.888671875 0.7099609375 0.884765625 0.708984375 0.869140625 0.7138671875 0.82421875 0.716796875 0.814453125 0.720703125 0.8125
1 0.7607421875 0.6611328125 0.796875 0.6796875 0.8154296875 0.693359375 0.8173828125 0.7041015625 0.8134765625 0.708984375 0.806640625 0.7109375 0.80078125 0.7109375 0.787109375 0.7060546875 0.76171875 0.689453125 0.7568359375 0.6748046875 0.7509765625 0.666015625 0.7529296875 0.6611328125 0.759765625 0.6611328125
7 0.4111328125 0.8037109375 0.4189453125 0.8095703125 0.4287109375 0.8232421875 0.44921875 0.859375 0.451171875 0.875 0.447265625 0.87890625 0.427734375 0.869140625 0.4208984375 0.8603515625 0.404296875 0.8291015625 0.40234375 0.8115234375 0.41015625 0.8037109375
7 0.6005859375 0.87109375 0.6572265625 0.8974609375 0.6611328125 0.9013671875 0.6611328125 0.9091796875 0.6552734375 0.9150390625 0.6474609375 0.9169921875 0.625 0.912109375 0.5947265625 0.8955078125 0.5849609375 0.8779296875 0.583984375 0.8720703125 0.5888671875 0.869140625 0.599609375 0.87109375
7 0.2626953125 0.857421875 0.2734375 0.8759765625 0.2724609375 0.888671875 0.2626953125 0.9189453125 0.2568359375 0.92578125 0.248046875 0.9296875 0.2392578125 0.9267578125 0.23828125 0.916015625 0.251953125 0.869140625 0.2578125 0.859375 0.26171875 0.857421875
7 0.181640625 0.791015625 0.1884765625 0.798828125 0.1884765625 0.8037109375 0.181640625 0.8095703125 0.1455078125 0.82421875 0.1171875 0.8310546875 0.1083984375 0.8291015625 0.1064453125 0.82421875 0.1220703125 0.8056640625 0.1640625 0.7900390625 0.1767578125 0.7890625 0.1806640625 0.791015625
7 0.1455078125 0.6474609375 0.1650390625 0.6611328125 0.1630859375 0.666015625 0.1435546875 0.6748046875 0.10546875 0.6806640625 0.0927734375 0.6806640625 0.0849609375 0.6767578125 0.087890625 0.666015625 0.09375 0.66015625 0.1083984375 0.654296875 0.14453125 0.6474609375
7 0.28125 0.66015625 0.2861328125 0.673828125 0.287109375 0.728515625 0.283203125 0.7392578125 0.2802734375 0.7412109375 0.2724609375 0.73828125 0.2646484375 0.724609375 0.26171875 0.6982421875 0.2626953125 0.671875 0.2705078125 0.6611328125 0.2802734375 0.66015625