0 0.90283203125 0.5361328125 0.0283203125 0.078125
0 0.3818359375 0.4833984375 0.4033203125 0.4921875 0.4033203125 0.5078125 0.4013671875 0.51171875 0.384765625 0.51171875 0.3740234375 0.5078125 0.373046875 0.5009765625 0.376953125 0.4873046875 0.380859375 0.4833984375
0 0.85546875 0.7607421875 0.869140625 0.7685546875 0.87109375 0.7724609375 0.8701171875 0.7763671875 0.8662109375 0.779296875 0.8134765625 0.7861328125 0.802734375 0.7861328125 0.794921875 0.7802734375 0.7958984375 0.7705078125 0.8037109375 0.763671875 0.8154296875 0.759765625 0.8544921875 0.7607421875
0 0.0576171875 0.82421875 0.0634765625 0.8271484375 0.0712890625 0.8359375 0.091796875 0.8681640625 0.0947265625 0.8837890625 0.0927734375 0.88671875 0.0849609375 0.8896484375 0.0771484375 0.888671875 0.0673828125 0.880859375 0.048828125 0.8515625 0.0498046875 0.8291015625 0.056640625 0.82421875
0 0.5927734375 0.6474609375 0.595703125 0.650390625 0.5966796875 0.658203125 0.5888671875 0.681640625 0.58203125 0.693359375 0.5673828125 0.6884765625 0.5625 0.6826171875 0.5771484375 0.65234375 0.5849609375 0.6474609375 0.591796875 0.6474609375
0 0.2373046875 0.6962890625 0.265625 0.7001953125 0.26953125 0.7041015625 0.2744140625 0.7158203125 0.2744140625 0.7197265625 0.2685546875 0.7216796875 0.23046875 0.720703125 0.205078125 0.71484375 0.2021484375 0.708984375 0.2041015625 0.703125 0.208984375 0.6982421875 0.2138671875 0.6962890625 0.236328125 0.6962890625
0 0.6630859375 0.5205078125 0.6884765625 0.53125 0.6953125 0.537109375 0.6953125 0.544921875 0.6884765625 0.5498046875 0.67578125 0.5498046875 0.6650390625 0.546875 0.650390625 0.5390625 0.650390625 0.53125 0.6533203125 0.5244140625 0.6572265625 0.5205078125 0.662109375 0.5205078125
0 0.751953125 0.4775390625 0.7646484375 0.5107421875 0.763671875 0.5224609375 0.755859375 0.53125 0.751953125 0.53125 0.7470703125 0.5263671875 0.7314453125 0.4873046875 0.7412109375 0.48046875 0.7509765625 0.4775390625
0 0.2373046875 0.341796875 0.244140625 0.34765625 0.2470703125 0.353515625 0.2470703125 0.3583984375 0.2412109375 0.3623046875 0.23046875 0.3603515625 0.224609375 0.3515625 0.2265625 0.341796875 0.236328125 0.341796875
4 0.40966796875 0.3935546875 0.0439453125 0.064453125
4 0.4130859375 0.71484375 0.041015625 0.052734375
4 0.49072265625 0.63916015625 0.0361328125 0.0615234375
1 0.712890625 0.3203125 0.7177734375 0.3271484375 0.71484375 0.345703125 0.7060546875 0.3720703125 0.69921875 0.384765625 0.6943359375 0.3876953125 0.6904296875 0.38671875 0.681640625 0.3701171875 0.6826171875 0.36328125 0.6953125 0.328125 0.703125 0.3203125 0.7119140625 0.3203125
7 0.57421875 0.228515625 0.0859375 0.041015625
4 0.3076171875 0.20751953125 0.033203125 0.0537109375
1 0.7802734375 0.16796875 0.81640625 0.1904296875 0.8212890625 0.201171875 0.8203125 0.20703125 0.81640625 0.2109375 0.798828125 0.2060546875 0.765625 0.189453125 0.7548828125 0.1806640625 0.7548828125 0.173828125 0.7724609375 0.16796875 0.779296875 0.16796875
4 0.76611328125 0.61572265625 0.0439453125 0.0419921875
5 0.259765625 0.49365234375 0.099609375 0.0400390625
7 0.5966796875 0.49072265625 0.0390625 0.0830078125
7 0.5224609375 0.43798828125 0.056640625 0.0732421875
7 0.7861328125 0.41455078125 0.078125 0.0341796875
7 0.9013671875 0.38623046875 0.033203125 0.0791015625
7 0.93505859375 0.27099609375 0.0751953125 0.0263671875
3 0.8037109375 0.2685546875 0.8076171875 0.2666015625 0.8154296875 0.2685546875 0.8203125 0.2734375 0.822265625 0.279296875 0.8173828125 0.326171875 0.8037109375 0.341796875 0.798828125 0.341796875 0.7939453125 0.333984375 0.7939453125 0.3203125 0.798828125 0.28125 0.8037109375 0.26953125
3 0.23046875 0.7783203125 0.27734375 0.79296875 0.2880859375 0.798828125 0.29296875 0.8037109375 0.294921875 0.810546875 0.2919921875 0.8134765625 0.271484375 0.818359375 0.2265625 0.802734375 0.216796875 0.791015625 0.216796875 0.7822265625 0.220703125 0.7783203125 0.2294921875 0.7783203125
5 0.933212890625 0.881650390625 0.06833984375 0.09337890625
3 0.888671875 0.630859375 0.900390625 0.6376953125 0.9140625 0.6796875 0.9140625 0.6923828125 0.9052734375 0.7080078125 0.8994140625 0.7060546875 0.8935546875 0.6943359375 0.8828125 0.658203125 0.8798828125 0.63671875 0.8828125 0.630859375 0.8876953125 0.630859375
7 0.75390625 0.8427734375 0.7607421875 0.85546875 0.7607421875 0.8984375 0.7578125 0.9111328125 0.751953125 0.91796875 0.748046875 0.9189453125 0.7392578125 0.9150390625 0.734375 0.908203125 0.732421875 0.875 0.7353515625 0.85546875 0.7421875 0.8515625 0.748046875 0.84375 0.7529296875 0.8427734375
7 0.5380859375 0.7587890625 0.564453125 0.763671875 0.564453125 0.7705078125 0.55078125 0.783203125 0.509765625 0.78125 0.498046875 0.77734375 0.4921875 0.7724609375 0.490234375 0.7646484375 0.4970703125 0.7587890625 0.537109375 0.7587890625
7 0.6171875 0.857421875 0.6240234375 0.8623046875 0.6259765625 0.8662109375 0.625 0.873046875 0.6142578125 0.880859375 0.5947265625 0.884765625 0.5751953125 0.8837890625 0.5576171875 0.8740234375 0.556640625 0.869140625 0.564453125 0.86328125 0.5771484375 0.8603515625 0.6044921875 0.8564453125 0.6162109375 0.857421875
7 0.38134765625 0.83349609375 0.0458984375 0.0693359375
7 0.1787109375 0.5400390625 0.1826171875 0.5458984375 0.18359375 0.5673828125 0.1806640625 0.58984375 0.1806640625 0.61328125 0.177734375 0.6201171875 0.1650390625 0.6181640625 0.16015625 0.61328125 0.1572265625 0.60546875 0.158203125 0.560546875 0.1708984375 0.5419921875 0.173828125 0.5390625 0.177734375 0.5400390625
1 0.1005859375 0.6123046875 0.11328125 0.625 0.134765625 0.6611328125 0.1376953125 0.6728515625 0.1328125 0.677734375 0.125 0.677734375 0.1181640625 0.6748046875 0.0947265625 0.6416015625 0.08984375 0.6298828125 0.08984375 0.619140625 0.095703125 0.61328125 0.099609375 0.6123046875
7 0.6923828125 0.6337890625 0.7158203125 0.63671875 0.7265625 0.650390625 0.7265625 0.658203125 0.7197265625 0.6611328125 0.6884765625 0.66015625 0.671875 0.658203125 0.6650390625 0.6552734375 0.6611328125 0.650390625 0.6611328125 0.642578125 0.6669921875 0.6357421875 0.6728515625 0.6337890625 0.69140625 0.6337890625
7 0.7060546875 0.7412109375 0.708984375 0.7470703125 0.6923828125 0.7685546875 0.6728515625 0.77734375 0.6591796875 0.7802734375 0.6513671875 0.779296875 0.6435546875 0.7724609375 0.6435546875 0.763671875 0.6484375 0.7587890625 0.685546875 0.7421875 0.6953125 0.740234375 0.705078125 0.7412109375
7 0.1142578125 0.3408203125 0.1162109375 0.345703125 0.11328125 0.353515625 0.076171875 0.38671875 0.0634765625 0.39453125 0.0546875 0.3935546875 0.0498046875 0.384765625 0.0517578125 0.3759765625 0.056640625 0.3681640625 0.0869140625 0.341796875 0.11328125 0.3408203125
6 0.134765625 0.427734375 0.154296875 0.435546875 0.177734375 0.4521484375 0.1796875 0.462890625 0.1650390625 0.470703125 0.1533203125 0.4677734375 0.1328125 0.4560546875 0.1240234375 0.4287109375 0.12890625 0.42578125 0.1337890625 0.427734375
0 0.4296875 0.14013671875 0.07421875 0.0341796875
0 0.63037109375 0.15673828125 0.0380859375 0.0263671875
0 0.091796875 0.1298828125 0.072265625 0.0390625
3 0.171875 0.2509765625 0.044921875 0.068359375
0 0.41845703125 0.2705078125 0.0556640625 0.048828125
3 0.841796875 0.533203125 0.8515625 0.537109375 0.8525390625 0.546875 0.849609375 0.5576171875 0.8359375 0.583984375 0.8251953125 0.5908203125 0.8173828125 0.5888671875 0.8115234375 0.58203125 0.8115234375 0.5703125 0.822265625 0.5419921875 0.8408203125 0.5341796875
1 0.359375 0.6103515625 0.3662109375 0.615234375 0.3662109375 0.623046875 0.3623046875 0.62890625 0.337890625 0.6484375 0.314453125 0.6611328125 0.306640625 0.6572265625 0.310546875 0.634765625 0.3408203125 0.6142578125 0.3515625 0.6103515625 0.3583984375 0.6103515625
7 0.48046875 0.2705078125 0.5625 0.2705078125 0.5625 0.296875 0.48046875 0.296875 0.48046875 0.271484375
0 0.05859375 0.134765625 0.05859375 0.14453125 0.083984375 0.1484375 0.1181640625 0.1337890625 0.1259765625 0.125 0.1279296875 0.115234375 0.1220703125 0.1103515625 0.10546875 0.1123046875 0.078125 0.1220703125